-5.67513e-25 0 -9.55175e-35 12.7279
-3.42046e-23 2.08967e-21 0.0241903 12.7279
-4.33376e-19 -1.40995e-20 0.0529255 12.7279
-3.91065e-22 1.04605e-20 0.0804464 12.7279
-3.91065e-22 1.04605e-20 0.106993 12.7279
-3.91065e-22 1.04605e-20 0.132687 12.7279
-3.91065e-22 1.04605e-20 0.157268 12.7279
5.63421e-08 9.37724e-09 0.180123 12.7279
5.63424e-08 9.3773e-09 0.202987 12.7279
5.63427e-08 9.37735e-09 0.224895 12.7279
5.63429e-08 9.37742e-09 0.246122 12.7279
5.63432e-08 9.37749e-09 0.266455 12.7279
5.63435e-08 9.37756e-09 0.285908 12.7279
5.63437e-08 9.37764e-09 0.304739 12.7279
5.6344e-08 9.37773e-09 0.322778 12.7279
5.63442e-08 9.37781e-09 0.340258 12.7279
5.63445e-08 9.37789e-09 0.357003 12.7279
5.63447e-08 9.37798e-09 0.373227 12.7279
5.63449e-08 9.37807e-09 0.388767 12.7279
5.63451e-08 9.37816e-09 0.403635 12.7279
5.63453e-08 9.37826e-09 0.418028 12.7279
5.63456e-08 9.37836e-09 0.431799 12.7279
5.63458e-08 9.37846e-09 0.44513 12.7279
5.6346e-08 9.37856e-09 0.4579 12.7279
5.63462e-08 9.37867e-09 0.470261 12.7279
5.63464e-08 9.37878e-09 0.482101 12.7279
5.63466e-08 9.37889e-09 0.493575 12.7279
5.63468e-08 9.37901e-09 0.504565 12.7279
5.63471e-08 9.37913e-09 0.515201 12.7279
5.63473e-08 9.37925e-09 0.525388 12.7279
5.63475e-08 9.37937e-09 0.535135 12.7279
5.63477e-08 9.37949e-09 0.544591 12.7279
5.63479e-08 9.37962e-09 0.553649 12.7279
5.63481e-08 9.37974e-09 0.562426 12.7279
5.63483e-08 9.37987e-09 0.570833 12.7279
5.63485e-08 9.38e-09 0.578895 12.7279
5.63487e-08 9.38014e-09 0.586707 12.7279
5.63489e-08 9.38027e-09 0.594198 12.7279
5.63491e-08 9.3804e-09 0.601365 12.7279
5.63493e-08 9.38054e-09 0.608311 12.7279
5.63495e-08 9.38068e-09 0.614965 12.7279
5.63497e-08 9.38082e-09 0.62142 12.7279
5.63499e-08 9.38096e-09 0.627581 12.7279
5.63501e-08 9.3811e-09 0.633558 12.7279
5.63503e-08 9.38125e-09 0.639283 12.7279
5.63505e-08 9.38139e-09 0.644766 12.7279
5.63507e-08 9.38153e-09 0.65008 12.7279
5.63508e-08 9.38168e-09 0.65517 12.7279
5.6351e-08 9.38183e-09 0.660097 12.7279
5.63512e-08 9.38198e-09 0.66481 12.7279
5.63514e-08 9.38212e-09 0.669367 12.7279
5.63516e-08 9.38227e-09 0.673726 12.7279
5.63518e-08 9.38242e-09 0.677951 12.7279
5.6352e-08 9.38257e-09 0.681993 12.7279
5.63522e-08 9.38273e-09 0.685909 12.7279
5.63523e-08 9.38288e-09 0.68966 12.7279
5.63525e-08 9.38303e-09 0.693253 12.7279
5.63527e-08 9.38319e-09 0.696735 12.7279
5.63529e-08 9.38334e-09 0.70007 12.7279
5.63531e-08 9.3835e-09 0.703302 12.7279
5.63533e-08 9.38365e-09 0.706397 12.7279
5.63534e-08 9.38381e-09 0.709362 12.7279
5.63536e-08 9.38397e-09 0.712238 12.7279
5.63538e-08 9.38412e-09 0.714993 12.7279
5.6354e-08 9.38428e-09 0.717632 12.7279
5.63542e-08 9.38444e-09 0.72019 12.7279
5.63544e-08 9.3846e-09 0.722643 12.7279
5.63545e-08 9.38476e-09 0.72502 12.7279
5.63547e-08 9.38492e-09 0.727296 12.7279
5.63549e-08 9.38508e-09 0.729477 12.7279
5.63551e-08 9.38524e-09 0.731575 12.7279
5.63553e-08 9.3854e-09 0.733609 12.7279
5.63554e-08 9.38556e-09 0.735555 12.7279
5.63556e-08 9.38572e-09 0.737443 12.7279
5.63558e-08 9.38588e-09 0.739251 12.7279
5.6356e-08 9.38605e-09 0.740991 12.7279
5.63561e-08 9.38621e-09 0.742657 12.7279
5.63563e-08 9.38637e-09 0.744268 12.7279
5.63565e-08 9.38653e-09 0.745812 12.7279
5.63567e-08 9.3867e-09 0.747298 12.7279
5.63568e-08 9.38686e-09 0.748731 12.7279
5.6357e-08 9.38703e-09 0.750108 12.7279
5.63572e-08 9.38719e-09 0.751436 12.7279
5.63574e-08 9.38735e-09 0.752721 12.7279
5.63576e-08 9.38752e-09 0.753946 12.7279
5.63577e-08 9.38768e-09 0.755129 12.7279
5.63579e-08 9.38785e-09 0.756274 12.7279
5.63581e-08 9.38801e-09 0.757369 12.7279
5.63583e-08 9.38818e-09 0.758431 12.7279
5.63584e-08 9.38834e-09 0.759446 12.7279
5.63586e-08 9.38851e-09 0.760429 12.7279
5.63588e-08 9.38868e-09 0.761371 12.7279
5.6359e-08 9.38884e-09 0.762272 12.7279
5.63591e-08 9.38901e-09 0.763145 12.7279
5.63593e-08 9.38917e-09 0.763982 12.7279
5.63595e-08 9.38934e-09 0.764793 12.7279
5.63596e-08 9.38951e-09 0.765568 12.7279
5.63598e-08 9.38967e-09 0.76632 12.7279
5.636e-08 9.38984e-09 0.76704 12.7279
5.63602e-08 9.39001e-09 0.767734 12.7279
5.63603e-08 9.39017e-09 0.768399 12.7279
5.63605e-08 9.39034e-09 0.769037 12.7279
5.63607e-08 9.39051e-09 0.769654 12.7279
5.63609e-08 9.39068e-09 0.770249 12.7279
5.6361e-08 9.39085e-09 0.770818 12.7279
5.63612e-08 9.39101e-09 0.77137 12.7279
5.63614e-08 9.39118e-09 0.771896 12.7279
5.63615e-08 9.39135e-09 0.772404 12.7279
5.63617e-08 9.39152e-09 0.772895 12.7279
5.63619e-08 9.39168e-09 0.773364 12.7279
5.63621e-08 9.39185e-09 0.773818 12.7279
5.63622e-08 9.39202e-09 0.774254 12.7279
5.63624e-08 9.39219e-09 0.774671 12.7279
5.63626e-08 9.39236e-09 0.775075 12.7279
5.63628e-08 9.39253e-09 0.775466 12.7279
5.63629e-08 9.39269e-09 0.77584 12.7279
5.63631e-08 9.39286e-09 0.776199 12.7279
5.63633e-08 9.39303e-09 0.776545 12.7279
5.63634e-08 9.3932e-09 0.77688 12.7279
5.63636e-08 9.39337e-09 0.777201 12.7279
5.63638e-08 9.39354e-09 0.777508 12.7279
5.6364e-08 9.39371e-09 0.777806 12.7279
5.63641e-08 9.39388e-09 0.778093 12.7279
5.63643e-08 9.39404e-09 0.778368 12.7279
5.63645e-08 9.39421e-09 0.778634 12.7279
5.63646e-08 9.39438e-09 0.77889 12.7279
5.63648e-08 9.39455e-09 0.779134 12.7279
5.6365e-08 9.39472e-09 0.77937 12.7279
5.63652e-08 9.39489e-09 0.779596 12.7279
5.63653e-08 9.39506e-09 0.779816 12.7279
5.63655e-08 9.39523e-09 0.780025 12.7279
5.63657e-08 9.3954e-09 0.780228 12.7279
5.63658e-08 9.39557e-09 0.780423 12.7279
5.6366e-08 9.39573e-09 0.780611 12.7279
5.63662e-08 9.3959e-09 0.780792 12.7279
5.63663e-08 9.39607e-09 0.780966 12.7279
5.63665e-08 9.39624e-09 0.781132 12.7279
5.63667e-08 9.39641e-09 0.781293 12.7279
5.63669e-08 9.39658e-09 0.781448 12.7279
5.6367e-08 9.39675e-09 0.781597 12.7279
5.63672e-08 9.39692e-09 0.78174 12.7279
5.63674e-08 9.39709e-09 0.781877 12.7279
5.63675e-08 9.39726e-09 0.78201 12.7279
5.63677e-08 9.39742e-09 0.782138 12.7279
5.63678e-08 9.39756e-09 0.78226 12.7279
5.6368e-08 9.3977e-09 0.782379 12.7279
5.63681e-08 9.39782e-09 0.782492 12.7279
5.63682e-08 9.39793e-09 0.782601 12.7279
5.63683e-08 9.39803e-09 0.782706 12.7279
5.63684e-08 9.39812e-09 0.782808 12.7279
5.63685e-08 9.3982e-09 0.782906 12.7279
5.63686e-08 9.39827e-09 0.783 12.7279
5.63686e-08 9.39833e-09 0.78309 12.7279
5.63687e-08 9.39839e-09 0.783177 12.7279
5.63687e-08 9.39843e-09 0.783261 12.7279
5.63688e-08 9.39847e-09 0.783341 12.7279
5.63688e-08 9.3985e-09 0.783419 12.7279
5.63688e-08 9.39852e-09 0.783494 12.7279
5.63688e-08 9.39854e-09 0.783566 12.7279
5.63688e-08 9.39854e-09 0.783634 12.7279
5.63688e-08 9.39855e-09 0.783701 12.7279
5.63688e-08 9.39855e-09 0.783765 12.7279
5.63688e-08 9.39855e-09 0.783826 12.7279
5.63688e-08 9.39855e-09 0.783885 12.7279
5.63688e-08 9.39855e-09 0.783943 12.7279
5.63688e-08 9.39855e-09 0.783998 12.7279
5.63688e-08 9.39856e-09 0.78405 12.7279
5.63689e-08 9.39856e-09 0.784101 12.7279
5.63689e-08 9.39856e-09 0.78415 12.7279
5.63689e-08 9.39856e-09 0.784197 12.7279
5.63689e-08 9.39856e-09 0.784242 12.7279
5.63689e-08 9.39857e-09 0.784286 12.7279
5.63689e-08 9.39857e-09 0.784328 12.7279
5.63689e-08 9.39857e-09 0.784368 12.7279
5.63689e-08 9.39857e-09 0.784407 12.7279
0.135133 0.134867 0.784411 12.537
0.286527 0.285962 0.784411 12.3231
0.435034 0.434177 0.784411 12.1133
0.58131 0.580163 0.784411 11.9066
0.724798 0.723368 0.784411 11.7039
0.865986 0.864278 0.784411 11.5044
1.00491 1.00293 0.784411 11.3082
1.14167 1.13942 0.784411 11.1149
1.27582 1.27331 0.784411 10.9254
1.40735 1.40458 0.784411 10.7396
1.5371 1.53407 0.784411 10.5563
1.66425 1.66097 0.784411 10.3766
1.78962 1.78609 0.784411 10.1995
1.91254 1.90877 0.784411 10.0259
2.03348 2.02947 0.784411 9.85498
2.15261 2.14836 0.784411 9.68668
2.26952 2.26505 0.784411 9.5215
2.38473 2.38003 0.784411 9.35872
2.49775 2.49282 0.784411 9.19906
2.60895 2.6038 0.784411 9.04195
2.71836 2.713 0.784411 8.88738
2.82551 2.81994 0.784411 8.73598
2.93111 2.92533 0.784411 8.58679
3.03502 3.02903 0.784411 8.43999
3.13673 3.13054 0.784411 8.29629
3.23701 3.23063 0.784411 8.15461
3.33538 3.32881 0.784411 8.01563
3.43188 3.42512 0.784411 7.87929
3.52679 3.51983 0.784411 7.74521
3.62017 3.61304 0.784411 7.61327
3.71216 3.70484 0.784411 7.48332
3.80243 3.79493 0.784411 7.35578
3.89121 3.88354 0.784411 7.23035
3.97865 3.97081 0.784411 7.1068
4.06443 4.05642 0.784411 6.98562
4.14892 4.14073 0.784411 6.86626
4.23179 4.22344 0.784411 6.74917
4.31333 4.30483 0.784411 6.63397
4.39356 4.3849 0.784411 6.52062
4.47218 4.46337 0.784411 6.40954
4.54966 4.54069 0.784411 6.30008
4.62582 4.6167 0.784411 6.19248
4.70067 4.6914 0.784411 6.08673
4.7741 4.76468 0.784411 5.98299
4.84642 4.83686 0.784411 5.88081
4.91733 4.90763 0.784411 5.78063
4.98706 4.97723 0.784411 5.68211
5.05571 5.04574 0.784411 5.58512
5.12302 5.11292 0.784411 5.49003
5.18931 5.17908 0.784411 5.39637
5.25431 5.24395 0.784411 5.30453
5.31827 5.30778 0.784411 5.21417
5.38123 5.37062 0.784411 5.12522
5.443 5.43227 0.784411 5.03796
5.50383 5.49298 0.784411 4.95201
5.56351 5.55254 0.784411 4.86769
5.6222 5.61112 0.784411 4.78477
5.67995 5.66875 0.784411 4.70318
5.7368 5.72549 0.784411 4.62286
5.7926 5.78118 0.784411 4.54403
5.84753 5.836 0.784411 4.46643
5.90138 5.88974 0.784411 4.39035
5.95445 5.94271 0.784411 4.31537
6.00661 5.99477 0.784411 4.24167
6.05778 6.04584 0.784411 4.16938
6.10813 6.09609 0.784411 4.09825
6.1577 6.14555 0.784411 4.02822
6.20631 6.19408 0.784411 3.95953
6.2542 6.24187 0.784411 3.89188
6.30117 6.28875 0.784411 3.82551
6.34739 6.33488 0.784411 3.76021
6.39289 6.38029 0.784411 3.69593
6.4375 6.42481 0.784411 3.63291
6.48126 6.46848 0.784411 3.57108
6.52432 6.51145 0.784411 3.51025
6.56675 6.5538 0.784411 3.45031
6.60831 6.59528 0.784411 3.39159
6.64924 6.63613 0.784411 3.33376
6.68942 6.67623 0.784411 3.277
6.72897 6.7157 0.784411 3.22112
6.76793 6.75458 0.784411 3.16608
6.80612 6.7927 0.784411 3.11212
6.8437 6.83021 0.784411 3.05903
6.8806 6.86703 0.784411 3.00689
6.91697 6.90333 0.784411 2.95551
6.95266 6.93895 0.784411 2.90509
6.98774 6.97396 0.784411 2.85553
7.02215 7.0083 0.784411 2.80691
7.05599 7.04208 0.784411 2.75909
7.08935 7.07537 0.784411 2.71198
7.12219 7.10815 0.784411 2.66557
7.15443 7.14033 0.784411 2.62002
7.18601 7.17184 0.784411 2.57541
7.21711 7.20288 0.784411 2.53147
7.24769 7.2334 0.784411 2.48826
7.27769 7.26334 0.784411 2.44588
7.30723 7.29282 0.784411 2.40415
7.3362 7.32174 0.784411 2.36322
7.36468 7.35016 0.784411 2.32298
7.39273 7.37815 0.784411 2.28335
7.42026 7.40563 0.784411 2.24446
7.44739 7.43271 0.784411 2.20613
7.47407 7.45934 0.784411 2.16843
7.50019 7.4854 0.784411 2.13153
7.52592 7.51108 0.784411 2.09518
7.55123 7.53634 0.784411 2.05942
7.57606 7.56113 0.784411 2.02434
7.60051 7.58552 0.784411 1.9898
7.62448 7.60944 0.784411 1.95594
7.64804 7.63296 0.784411 1.92266
7.67128 7.65615 0.784411 1.88982
7.69404 7.67887 0.784411 1.85767
7.71647 7.70126 0.784411 1.82597
7.73856 7.7233 0.784411 1.79477
7.7602 7.74489 0.784411 1.7642
7.78154 7.7662 0.784411 1.73404
7.80248 7.7871 0.784411 1.70446
7.8231 7.80767 0.784411 1.67534
7.84328 7.82781 0.784411 1.64683
7.86315 7.84765 0.784411 1.61875
7.88274 7.8672 0.784411 1.59107
7.9019 7.88632 0.784411 1.564
7.92078 7.90516 0.784411 1.53733
7.93938 7.92373 0.784411 1.51105
7.95759 7.9419 0.784411 1.48532
7.9755 7.95977 0.784411 1.46002
7.99314 7.97738 0.784411 1.4351
8.01044 7.99465 0.784411 1.41066
8.02748 8.01165 0.784411 1.38659
8.04425 8.02839 0.784411 1.3629
8.06067 8.04478 0.784411 1.3397
8.07685 8.06092 0.784411 1.31684
8.09277 8.07681 0.784411 1.29435
8.10839 8.0924 0.784411 1.27228
8.12375 8.10773 0.784411 1.25059
8.13886 8.12282 0.784411 1.22923
8.15373 8.13765 0.784411 1.20823
8.16832 8.15221 0.784411 1.18762
8.18267 8.16653 0.784411 1.16735
8.19674 8.18058 0.784411 1.14746
8.21057 8.19438 0.784411 1.12793
8.2242 8.20798 0.784411 1.10867
8.23761 8.22136 0.784411 1.08973
8.25075 8.23448 0.784411 1.07117
8.26368 8.24739 0.784411 1.0529
8.27637 8.26005 0.784411 1.03497
8.28886 8.27252 0.784411 1.01732
8.30117 8.2848 0.784411 0.999934
8.31322 8.29683 0.784411 0.98291
8.32509 8.30868 0.784411 0.966143
8.33673 8.32029 0.784411 0.949703
8.34818 8.33172 0.784411 0.933527
8.35946 8.34298 0.784411 0.917585
8.37052 8.35402 0.784411 0.901964
8.38142 8.36489 0.784411 0.88657
8.39215 8.3756 0.784411 0.871415
8.40266 8.3861 0.784411 0.856557
8.41302 8.39643 0.784411 0.841923
8.42317 8.40657 0.784411 0.827582
8.43317 8.41654 0.784411 0.813465
8.44297 8.42632 0.784411 0.799617
8.45262 8.43596 0.784411 0.785983
8.46212 8.44544 0.784411 0.772562
8.47147 8.45477 0.784411 0.759356
8.48063 8.4639 0.784411 0.746423
8.48965 8.47291 0.784411 0.733683
8.4985 8.48175 0.784411 0.721168
8.5072 8.49043 0.784411 0.708885
8.51575 8.49896 0.784411 0.696805
8.52417 8.50736 0.784411 0.684913
8.53245 8.51562 0.784411 0.673218
8.54056 8.52372 0.784411 0.661758
8.54855 8.53169 0.784411 0.650476
8.55638 8.53951 0.784411 0.639409
8.56412 8.54723 0.784411 0.62848
8.5717 8.5548 0.784411 0.617776
8.57917 8.56225 0.784411 0.607223
8.58652 8.56959 0.784411 0.596844
8.59373 8.57678 0.784411 0.586658
8.60079 8.58383 0.784411 0.576683
8.60776 8.59079 0.784411 0.566841
8.61461 8.59762 0.784411 0.557163
8.62134 8.60434 0.784411 0.547665
8.62796 8.61094 0.784411 0.538314
8.63445 8.61742 0.784411 0.529147
8.64083 8.62379 0.784411 0.520126
8.6471 8.63005 0.784411 0.511269
8.65328 8.63622 0.784411 0.50254
8.65934 8.64227 0.784411 0.493982
8.66531 8.64822 0.784411 0.485562
8.67117 8.65407 0.784411 0.477276
8.67693 8.65982 0.784411 0.469145
8.6826 8.66548 0.784411 0.461131
8.68816 8.67103 0.784411 0.453279
8.69364 8.6765 0.784411 0.445545
8.69903 8.68188 0.784411 0.437935
8.70431 8.68715 0.784411 0.430471
8.70951 8.69234 0.784411 0.42313
8.71461 8.69743 0.784411 0.415929
8.71963 8.70244 0.784411 0.408839
8.72458 8.70737 0.784411 0.401857
8.72942 8.71221 0.784411 0.395018
8.73419 8.71697 0.784411 0.388279
8.73889 8.72166 0.784411 0.381648
8.74349 8.72625 0.784411 0.375147
8.74802 8.73077 0.784411 0.368751
8.75247 8.73521 0.784411 0.362473
8.75684 8.73958 0.784411 0.356293
8.76114 8.74386 0.784411 0.350233
8.76536 8.74808 0.784411 0.344271
8.76952 8.75223 0.784411 0.338396
8.7736 8.7563 0.784411 0.332632
8.77762 8.76031 0.784411 0.326964
8.78155 8.76424 0.784411 0.321407
8.78543 8.76811 0.784411 0.315937
8.78925 8.77192 0.784411 0.310545
8.793 8.77567 0.784411 0.305241
8.79669 8.77935 0.784411 0.300038
8.80032 8.78297 0.784411 0.294913
8.80388 8.78652 0.784411 0.289889
8.80738 8.79002 0.784411 0.284948
8.81083 8.79346 0.784411 0.280084
8.81421 8.79683 0.784411 0.275315
8.81753 8.80014 0.784411 0.270625
8.8208 8.80341 0.784411 0.266006
8.82401 8.80661 0.784411 0.261485
8.82716 8.80975 0.784411 0.25704
8.83027 8.81285 0.784411 0.252651
8.83332 8.8159 0.784411 0.248349
8.83632 8.8189 0.784411 0.244111
8.83926 8.82183 0.784411 0.239956
8.84216 8.82472 0.784411 0.235872
8.84501 8.82757 0.784411 0.231845
8.84781 8.83036 0.784411 0.227902
8.85056 8.83311 0.784411 0.224016
8.85326 8.83581 0.784411 0.220206
8.85592 8.83846 0.784411 0.216457
8.85854 8.84107 0.784411 0.212771
8.8611 8.84363 0.784411 0.209154
8.86363 8.84615 0.784411 0.205589
8.86612 8.84863 0.784411 0.202081
8.86855 8.85107 0.784411 0.198644
8.87095 8.85345 0.784411 0.19527
8.8733 8.85581 0.784411 0.191949
8.87562 8.85812 0.784411 0.188678
8.8779 8.86039 0.784411 0.185473
8.88014 8.86263 0.784411 0.182313
8.88233 8.86482 0.784411 0.17922
8.8845 8.86698 0.784411 0.176171
8.88663 8.8691 0.784411 0.173167
8.88872 8.87119 0.784411 0.170221
8.89078 8.87325 0.784411 0.167322
8.89279 8.87526 0.784411 0.164479
8.89478 8.87724 0.784411 0.161681
8.89673 8.87919 0.784411 0.158938
8.89865 8.8811 0.784411 0.156238
8.90053 8.88298 0.784411 0.153586
8.90238 8.88483 0.784411 0.150975
8.9042 8.88664 0.784411 0.148415
8.90599 8.88843 0.784411 0.145895
8.90775 8.89019 0.784411 0.143415
8.90948 8.89191 0.784411 0.140982
8.91118 8.89361 0.784411 0.13859
8.91286 8.89528 0.784411 0.136233
8.9145 8.89692 0.784411 0.133925
8.91612 8.89854 0.784411 0.131649
8.91771 8.90012 0.784411 0.129412
8.91927 8.90168 0.784411 0.127218
8.9208 8.90321 0.784411 0.125058
8.92231 8.90472 0.784411 0.122937
8.9238 8.9062 0.784411 0.120854
8.92526 8.90766 0.784411 0.118802
8.92669 8.90909 0.784411 0.116791
8.9281 8.91049 0.784411 0.114811
8.92948 8.91188 0.784411 0.112864
8.93084 8.91323 0.784411 0.110955
8.93218 8.91457 0.784411 0.109074
8.9335 8.91588 0.784411 0.10723
8.93479 8.91717 0.784411 0.105417
8.93606 8.91844 0.784411 0.103629
8.93731 8.91969 0.784411 0.101877
8.93854 8.92092 0.784411 0.100154
8.93975 8.92213 0.784411 0.0984579
8.94094 8.92332 0.784411 0.0967888
8.94211 8.92448 0.784411 0.0951526
8.94326 8.92563 0.784411 0.0935445
8.94439 8.92675 0.784411 0.0919673
8.9455 8.92786 0.784411 0.0904141
8.94659 8.92895 0.784411 0.0888838
8.94767 8.93003 0.784411 0.0873791
8.94872 8.93108 0.784411 0.0859034
8.94976 8.93211 0.784411 0.0844583
8.95078 8.93313 0.784411 0.0830344
8.95178 8.93413 0.784411 0.0816358
8.95276 8.93511 0.784411 0.08026
8.95373 8.93608 0.784411 0.0789107
8.95469 8.93703 0.784411 0.0775812
8.95562 8.93796 0.784411 0.0762755
8.95654 8.93888 0.784411 0.0749897
8.95745 8.93979 0.784411 0.0737294
8.95834 8.94068 0.784411 0.0724903
8.95921 8.94155 0.784411 0.0712745
8.96008 8.94241 0.784411 0.0700773
8.96092 8.94325 0.784411 0.0689039
8.96175 8.94408 0.784411 0.0677507
8.96257 8.9449 0.784411 0.0666148
8.96337 8.9457 0.784411 0.0655019
8.96416 8.94649 0.784411 0.064405
8.96494 8.94726 0.784411 0.0633272
8.9657 8.94802 0.784411 0.0622708
8.96646 8.94878 0.784411 0.0612307
8.96719 8.94951 0.784411 0.0602113
8.96792 8.95024 0.784411 0.0592096
8.96863 8.95095 0.784411 0.0582244
8.96934 8.95165 0.784411 0.0572544
8.97003 8.95234 0.784411 0.056301
8.97071 8.95302 0.784411 0.0553656
8.97138 8.95369 0.784411 0.0544448
8.97204 8.95434 0.784411 0.0535397
8.97268 8.95499 0.784411 0.052654
8.97332 8.95562 0.784411 0.0517822
8.97394 8.95625 0.784411 0.050927
8.97456 8.95686 0.784411 0.0500851
8.97516 8.95746 0.784411 0.0492581
8.97575 8.95806 0.784411 0.048448
8.97634 8.95864 0.784411 0.0476515
8.97691 8.95921 0.784411 0.0468682
8.97748 8.95978 0.784411 0.0461004
8.97803 8.96033 0.784411 0.045345
8.97858 8.96088 0.784411 0.0446015
8.97912 8.96142 0.784411 0.043871
8.97965 8.96194 0.784411 0.0431552
8.98017 8.96246 0.784411 0.0424507
8.98068 8.96298 0.784411 0.0417609
8.98119 8.96348 0.784411 0.0410838
8.98168 8.96397 0.784411 0.0404181
8.98217 8.96446 0.784411 0.0397624
8.98265 8.96494 0.784411 0.0391207
8.98312 8.96541 0.784411 0.0384902
8.98359 8.96587 0.784411 0.0378703
8.98404 8.96633 0.784411 0.0372629
8.98449 8.96678 0.784411 0.036664
8.98493 8.96722 0.784411 0.0360774
8.98537 8.96765 0.784411 0.0355006
8.9858 8.96808 0.784411 0.034936
8.98622 8.9685 0.784411 0.0343817
8.98663 8.96891 0.784411 0.033837
8.98704 8.96932 0.784411 0.0333018
8.98744 8.96972 0.784411 0.0327762
8.98784 8.97012 0.784411 0.0322603
8.98823 8.97051 0.784411 0.0317535
8.98861 8.97089 0.784411 0.0312577
8.98899 8.97127 0.784411 0.0307714
8.98936 8.97164 0.784411 0.0302931
8.98973 8.972 0.784411 0.0298235
8.99009 8.97236 0.784411 0.0293623
8.99044 8.97272 0.784411 0.0289103
8.99079 8.97306 0.784411 0.0284678
8.99113 8.97341 0.784411 0.0280333
8.99147 8.97374 0.784411 0.0276066
8.99181 8.97408 0.784411 0.0271878
8.99214 8.9744 0.784411 0.0267769
8.99246 8.97473 0.784411 0.0263748
8.99278 8.97505 0.784411 0.0259793
8.99309 8.97536 0.784411 0.0255922
8.9934 8.97567 0.784411 0.0252122
8.9937 8.97597 0.784411 0.0248409
8.994 8.97627 0.784411 0.0244768
8.9943 8.97656 0.784411 0.0241199
8.99459 8.97685 0.784411 0.0237693
8.99488 8.97714 0.784411 0.0234267
8.99516 8.97742 0.784411 0.0230911
8.99544 8.9777 0.784411 0.022762
8.99571 8.97797 0.784411 0.0224391
8.99598 8.97824 0.784411 0.0221226
8.99625 8.97851 0.784411 0.0218133
8.99651 8.97877 0.784411 0.02151
8.99677 8.97903 0.784411 0.0212139
8.99703 8.97929 0.784411 0.0209239
8.99728 8.97954 0.784411 0.0206397
8.99753 8.97979 0.784411 0.020362
8.99778 8.98003 0.784411 0.02009
8.99802 8.98028 0.784411 0.0198239
8.99803 8.98029 0.83776 0.0198084
8.99803 8.98029 0.892741 0.0198084
8.99803 8.98029 0.945917 0.0198084
8.99803 8.98029 0.996969 0.0198084
8.99803 8.98029 1.04626 0.0198084
8.99803 8.98029 1.09353 0.0198084
8.99803 8.98029 1.13876 0.0198084
8.99803 8.98029 1.18239 0.0198084
8.99803 8.98029 1.22448 0.0198084
8.99803 8.98029 1.26484 0.0198084
8.99803 8.98029 1.30462 0.0198084
8.99803 8.98029 1.34224 0.0198084
8.99803 8.98029 1.37852 0.0198084
8.99803 8.98029 1.41322 0.0198084
8.99803 8.98029 1.44658 0.0198084
8.99803 8.98029 1.47875 0.0198084
8.99803 8.98029 1.50985 0.0198084
8.99803 8.98029 1.53954 0.0198084
8.99803 8.98029 1.56808 0.0198084
8.99803 8.98029 1.59571 0.0198084
8.99803 8.98029 1.62232 0.0198084
8.99803 8.98029 1.64775 0.0198084
8.99803 8.98029 1.67229 0.0198084
8.99803 8.98029 1.69598 0.0198084
8.99803 8.98029 1.71862 0.0198084
8.99803 8.98029 1.74049 0.0198084
8.99803 8.98029 1.76154 0.0198084
8.99803 8.98029 1.78184 0.0198084
8.99803 8.98029 1.80126 0.0198084
8.99803 8.98029 1.82011 0.0198084
8.99803 8.98029 1.83816 0.0198084
8.99803 8.98029 1.85557 0.0198084
8.99803 8.98029 1.87238 0.0198084
8.99803 8.98029 1.88858 0.0198084
8.99803 8.98029 1.90407 0.0198084
8.99803 8.98029 1.91891 0.0198084
8.99803 8.98029 1.93325 0.0198084
8.99803 8.98029 1.94708 0.0198084
8.99803 8.98029 1.96044 0.0198084
8.99803 8.98029 1.9732 0.0198084
8.99803 8.98029 1.98548 0.0198084
8.99803 8.98029 1.99738 0.0198084
8.99803 8.98029 2.00875 0.0198084
8.99803 8.98029 2.01975 0.0198084
8.99803 8.98029 2.03033 0.0198084
8.99803 8.98029 2.04044 0.0198084
8.99803 8.98029 2.05024 0.0198084
8.99803 8.98029 2.05964 0.0198084
8.99803 8.98029 2.06865 0.0198084
8.99803 8.98029 2.07733 0.0198084
8.99803 8.98029 2.08573 0.0198084
8.99803 8.98029 2.09382 0.0198084
8.99803 8.98029 2.10155 0.0198084
8.99803 8.98029 2.10902 0.0198084
8.99803 8.98029 2.11624 0.0198084
8.99803 8.98029 2.1232 0.0198084
8.99803 8.98029 2.12982 0.0198084
8.99803 8.98029 2.13623 0.0198084
8.99803 8.98029 2.14241 0.0198084
8.99803 8.98029 2.14838 0.0198084
8.99803 8.98029 2.15407 0.0198084
8.99803 8.98029 2.15955 0.0198084
8.99803 8.98029 2.16485 0.0198084
8.99803 8.98029 2.16992 0.0198084
8.99803 8.98029 2.17481 0.0198084
8.99803 8.98029 2.17956 0.0198084
8.99803 8.98029 2.18407 0.0198084
8.99803 8.98029 2.18843 0.0198084
8.99803 8.98029 2.19265 0.0198084
8.99803 8.98029 2.19669 0.0198084
8.99803 8.98029 2.20056 0.0198084
8.99803 8.98029 2.2043 0.0198084
8.99803 8.98029 2.20793 0.0198084
8.99803 8.98029 2.21141 0.0198084
8.99803 8.98029 2.21475 0.0198084
8.99803 8.98029 2.21798 0.0198084
8.99803 8.98029 2.22107 0.0198084
8.99803 8.98029 2.22404 0.0198084
8.99803 8.98029 2.2269 0.0198084
8.99803 8.98029 2.22964 0.0198084
8.99803 8.98029 2.23228 0.0198084
8.99803 8.98029 2.23484 0.0198084
8.99803 8.98029 2.2373 0.0198084
8.99803 8.98029 2.23966 0.0198084
8.99803 8.98029 2.24193 0.0198084
8.99803 8.98029 2.24412 0.0198084
8.99803 8.98029 2.24621 0.0198084
8.99803 8.98029 2.24824 0.0198084
8.99803 8.98029 2.25019 0.0198084
8.99803 8.98029 2.25206 0.0198084
8.99803 8.98029 2.25386 0.0198084
8.99803 8.98029 2.25561 0.0198084
8.99803 8.98029 2.25727 0.0198084
8.99803 8.98029 2.25888 0.0198084
8.99803 8.98029 2.26044 0.0198084
8.99803 8.98029 2.26192 0.0198084
8.99803 8.98029 2.26336 0.0198084
8.99803 8.98029 2.26474 0.0198084
8.99803 8.98029 2.26606 0.0198084
8.99803 8.98029 2.26733 0.0198084
8.99803 8.98029 2.26856 0.0198084
8.99803 8.98029 2.26975 0.0198084
8.99803 8.98029 2.27089 0.0198084
8.99803 8.98029 2.27198 0.0198084
8.99803 8.98029 2.27303 0.0198084
8.99803 8.98029 2.27405 0.0198084
8.99803 8.98029 2.27503 0.0198084
8.99803 8.98029 2.27597 0.0198084
8.99803 8.98029 2.27688 0.0198084
8.99803 8.98029 2.27775 0.0198084
8.99803 8.98029 2.2786 0.0198084
8.99803 8.98029 2.27941 0.0198084
8.99803 8.98029 2.28018 0.0198084
8.99803 8.98029 2.28092 0.0198084
8.99803 8.98029 2.28164 0.0198084
8.99803 8.98029 2.28233 0.0198084
8.99803 8.98029 2.283 0.0198084
8.99803 8.98029 2.28364 0.0198084
8.99803 8.98029 2.28426 0.0198084
8.99803 8.98029 2.28485 0.0198084
8.99803 8.98029 2.28542 0.0198084
8.99803 8.98029 2.28597 0.0198084
8.99803 8.98029 2.2865 0.0198084
8.99803 8.98029 2.287 0.0198084
8.99803 8.98029 2.28749 0.0198084
8.99803 8.98029 2.28796 0.0198084
8.99803 8.98029 2.28842 0.0198084
8.99803 8.98029 2.28885 0.0198084
8.99803 8.98029 2.28927 0.0198084
8.99803 8.98029 2.28968 0.0198084
8.99803 8.98029 2.29006 0.0198084
8.99803 8.98029 2.29044 0.0198084
8.99803 8.98029 2.2908 0.0198084
8.99803 8.98029 2.29115 0.0198084
8.99803 8.98029 2.29148 0.0198084
8.99803 8.98029 2.2918 0.0198084
8.99803 8.98029 2.29211 0.0198084
8.99803 8.98029 2.29241 0.0198084
8.99803 8.98029 2.29269 0.0198084
8.99803 8.98029 2.29297 0.0198084
8.99803 8.98029 2.29324 0.0198084
8.99803 8.98029 2.29349 0.0198084
8.99803 8.98029 2.29373 0.0198084
8.99803 8.98029 2.29397 0.0198084
8.99803 8.98029 2.2942 0.0198084
8.99803 8.98029 2.29442 0.0198084
8.99803 8.98029 2.29463 0.0198084
8.99803 8.98029 2.29483 0.0198084
8.99803 8.98029 2.29503 0.0198084
8.99803 8.98029 2.29521 0.0198084
8.99803 8.98029 2.29539 0.0198084
8.99803 8.98029 2.29557 0.0198084
8.99803 8.98029 2.29573 0.0198084
8.99803 8.98029 2.29589 0.0198084
8.99803 8.98029 2.29605 0.0198084
8.99803 8.98029 2.2962 0.0198084
8.99803 8.98029 2.29634 0.0198084
8.99803 8.98029 2.29648 0.0198084
8.99803 8.98029 2.29661 0.0198084
8.99803 8.98029 2.29674 0.0198084
8.99803 8.98029 2.29686 0.0198084
8.99803 8.98029 2.29698 0.0198084
8.99803 8.98029 2.29709 0.0198084
8.99803 8.98029 2.2972 0.0198084
8.99803 8.98029 2.29731 0.0198084
8.99803 8.98029 2.29741 0.0198084
8.99803 8.98029 2.29751 0.0198084
8.99803 8.98029 2.2976 0.0198084
8.99803 8.98029 2.29769 0.0198084
8.99803 8.98029 2.29778 0.0198084
8.99803 8.98029 2.29786 0.0198084
8.99803 8.98029 2.29794 0.0198084
8.99803 8.98029 2.29802 0.0198084
8.99803 8.98029 2.2981 0.0198084
8.99803 8.98029 2.29817 0.0198084
8.99803 8.98029 2.29824 0.0198084
8.99803 8.98029 2.2983 0.0198084
8.99803 8.98029 2.29837 0.0198084
8.99803 8.98029 2.29843 0.0198084
8.99803 8.98029 2.29849 0.0198084
8.99803 8.98029 2.29854 0.0198084
8.99803 8.98029 2.2986 0.0198084
8.99803 8.98029 2.29865 0.0198084
8.99803 8.98029 2.2987 0.0198084
8.99803 8.98029 2.29875 0.0198084
8.99803 8.98029 2.2988 0.0198084
8.99803 8.98029 2.29884 0.0198084
8.99803 8.98029 2.29889 0.0198084
8.99803 8.98029 2.29893 0.0198084
8.99803 8.98029 2.29897 0.0198084
8.99803 8.98029 2.29901 0.0198084
8.99803 8.98029 2.29905 0.0198084
8.99803 8.98029 2.29908 0.0198084
8.99803 8.98029 2.29912 0.0198084
8.99803 8.98029 2.29915 0.0198084
8.99803 8.98029 2.29918 0.0198084
8.99803 8.98029 2.29921 0.0198084
8.99803 8.98029 2.29924 0.0198084
8.99803 8.98029 2.29927 0.0198084
8.99803 8.98029 2.2993 0.0198084
8.99803 8.98029 2.29933 0.0198084
8.99803 8.98029 2.29935 0.0198084
8.99803 8.98029 2.29937 0.0198084
8.99803 8.98029 2.2994 0.0198084
8.99803 8.98029 2.29942 0.0198084
8.99803 8.98029 2.29944 0.0198084
8.99803 8.98029 2.29946 0.0198084
8.99803 8.98029 2.29948 0.0198084
8.99803 8.98029 2.2995 0.0198084
8.99803 8.98029 2.29952 0.0198084
8.99803 8.98029 2.29954 0.0198084
8.99803 8.98029 2.29956 0.0198084
8.99803 8.98029 2.29957 0.0198084
8.99803 8.98029 2.29959 0.0198084
8.99803 8.98029 2.29961 0.0198084
8.99803 8.98029 2.29962 0.0198084
8.99803 8.98029 2.29963 0.0198084
8.99803 8.98029 2.29965 0.0198084
8.99803 8.98029 2.29966 0.0198084
8.99803 8.98029 2.29967 0.0198084
8.99803 8.98029 2.29969 0.0198084
8.99803 8.98029 2.2997 0.0198084
8.99803 8.98029 2.29971 0.0198084
8.99803 8.98029 2.29972 0.0198084
8.99803 8.98029 2.29973 0.0198084
8.99803 8.98029 2.29974 0.0198084
8.99803 8.98029 2.29975 0.0198084
8.99803 8.98029 2.29976 0.0198084
8.99803 8.98029 2.29977 0.0198084
8.99803 8.98029 2.29978 0.0198084
8.99803 8.98029 2.29979 0.0198084
8.99803 8.98029 2.29979 0.0198084
8.99803 8.98029 2.2998 0.0198084
8.99803 8.98029 2.29981 0.0198084
8.99803 8.98029 2.29982 0.0198084
8.99803 8.98029 2.29982 0.0198084
8.99803 8.98029 2.29983 0.0198084
8.99803 8.98029 2.29984 0.0198084
8.99803 8.98029 2.29984 0.0198084
8.99803 8.98029 2.29985 0.0198084
8.99803 8.98029 2.29985 0.0198084
8.99803 8.98029 2.29986 0.0198084
8.99803 8.98029 2.29987 0.0198084
8.99803 8.98029 2.29987 0.0198084
8.99803 8.98029 2.29988 0.0198084
8.99803 8.98029 2.29988 0.0198084
8.99803 8.98029 2.29988 0.0198084
8.99803 8.98029 2.29989 0.0198084
8.99803 8.98029 2.29989 0.0198084
8.99803 8.98029 2.2999 0.0198084
8.99803 8.98029 2.2999 0.0198084
8.99803 8.98029 2.2999 0.0198084
8.99803 8.98029 2.29991 0.0198084
8.99803 8.98029 2.29991 0.0198084
8.99803 8.98029 2.29992 0.0198084
8.99803 8.98029 2.29992 0.0198084
8.99803 8.98029 2.29992 0.0198084
8.99803 8.98029 2.29992 0.0198084
8.99803 8.98029 2.29993 0.0198084
8.99803 8.98029 2.29993 0.0198084
8.99803 8.98029 2.29993 0.0198084
8.99803 8.98029 2.29994 0.0198084
8.99803 8.98029 2.29994 0.0198084
8.99803 8.98029 2.29994 0.0198084
8.99803 8.98029 2.29994 0.0198084
8.99803 8.98029 2.29994 0.0198084
8.99803 8.98029 2.29995 0.0198084
8.99803 8.98029 2.29995 0.0198084
8.99803 8.98029 2.29995 0.0198084
8.99803 8.98029 2.29995 0.0198084
8.99803 8.98029 2.29995 0.0198084
8.99803 8.98029 2.29996 0.0198084
8.99803 8.98029 2.29996 0.0198084
8.99803 8.98029 2.29996 0.0198084
8.99803 8.98029 2.29996 0.0198084
8.99803 8.98029 2.29996 0.0198084
8.99803 8.98029 2.29996 0.0198084
8.99803 8.98029 2.29996 0.0198084
8.99803 8.98029 2.29997 0.0198084
8.99803 8.98029 2.29997 0.0198084
8.99803 8.98029 2.29997 0.0198084
8.99803 8.98029 2.29997 0.0198084
8.99803 8.98029 2.29997 0.0198084
8.99803 8.98029 2.29997 0.0198084
8.99803 8.98029 2.29997 0.0198084
8.99803 8.98029 2.29997 0.0198084
8.99803 8.98029 2.29998 0.0198084
8.99803 8.98029 2.29998 0.0198084
8.99803 8.98029 2.29998 0.0198084
8.99803 8.98029 2.29998 0.0198084
8.99803 8.98029 2.29998 0.0198084
8.99803 8.98029 2.29998 0.0198084
8.99803 8.98029 2.29998 0.0198084
8.99803 8.98029 2.29998 0.0198084
8.99803 8.98029 2.29998 0.0198084
8.99803 8.98029 2.29998 0.0198084
8.99803 8.98029 2.29998 0.0198084
8.99803 8.98029 2.29998 0.0198084
8.99803 8.98029 2.29998 0.0198084
8.99803 8.98029 2.29998 0.0198084
8.99803 8.98029 2.29999 0.0198084
8.99803 8.98029 2.29999 0.0198084
8.99803 8.98029 2.29999 0.0198084
8.99803 8.98029 2.29999 0.0198084
8.99803 8.98029 2.29999 0.0198084
8.99803 8.98029 2.29999 0.0198084
8.99803 8.98029 2.29999 0.0198084
8.99803 8.98029 2.29999 0.0198084
8.99803 8.98029 2.29999 0.0198084
8.99803 8.98029 2.29999 0.0198084
8.99803 8.98029 2.29999 0.0198084
8.99803 8.98029 2.29999 0.0198084
8.99803 8.98029 2.29999 0.0198084
8.99803 8.98029 2.29999 0.0198084
8.99803 8.98029 2.29999 0.0198084
8.99803 8.98029 2.29999 0.0198084
8.99803 8.98029 2.29999 0.0198084
8.99803 8.98029 2.29999 0.0198084
8.99803 8.98029 2.29999 0.0198084
8.99803 8.98029 2.29999 0.0198084
8.99803 8.98029 2.29999 0.0198084
8.99803 8.98029 2.29999 0.0198084
8.99803 8.98029 2.29999 0.0198084
8.99803 8.98029 2.29999 0.0198084
8.99803 8.98029 2.29999 0.0198084
8.99803 8.98029 2.29999 0.0198084
8.99803 8.98029 2.29999 0.0198084
8.99803 8.98029 2.29999 0.0198084
8.99803 8.98029 2.29999 0.0198084
8.99803 8.98029 2.3 0.0198084
8.99803 8.98029 2.3 0.0198084
8.99803 8.98029 2.3 0.0198084
8.99803 8.98029 2.3 0.0198084
8.99803 8.98029 2.3 0.0198084
8.99803 8.98029 2.3 0.0198084
8.99803 8.98029 2.3 0.0198084
8.99803 8.98029 2.3 0.0198084
8.99803 8.98029 2.3 0.0198084
8.99803 8.98029 2.3 0.0198084
8.99803 8.98029 2.3 0.0198084
8.99803 8.98029 2.3 0.0198084
8.99803 8.98029 2.3 0.0198084
8.99803 8.98029 2.3 0.0198084
8.99803 8.98029 2.3 0.0198084
8.99803 8.98029 2.3 0.0198084
8.99803 8.98029 2.3 0.0198084
8.99803 8.98029 2.3 0.0198084
8.99803 8.98029 2.3 0.0198084
8.99803 8.98029 2.3 0.0198084
8.99803 8.98029 2.3 0.0198084
8.99803 8.98029 2.3 0.0198084
8.99803 8.98029 2.3 0.0198084
8.99803 8.98029 2.3 0.0198084
8.99803 8.98029 2.3 0.0198084
8.99803 8.98029 2.3 0.0198084
8.99803 8.98029 2.3 0.0198084
8.99803 8.98029 2.3 0.0198084
8.99803 8.98029 2.3 0.0198084
8.99803 8.98029 2.3 0.0198084
8.99803 8.98029 2.3 0.0198084
8.99803 8.98029 2.3 0.0198084
8.99803 8.98029 2.3 0.0198084
8.99803 8.98029 2.3 0.0198084
8.99803 8.98029 2.3 0.0198084
8.99803 8.98029 2.3 0.0198084
8.99803 8.98029 2.3 0.0198084
8.99803 8.98029 2.3 0.0198084
8.99803 8.98029 2.3 0.0198084
8.99803 8.98029 2.3 0.0198084
8.99803 8.98029 2.3 0.0198084
8.99803 8.98029 2.3 0.0198084
8.99803 8.98029 2.3 0.0198084
8.99803 8.98029 2.3 0.0198084
8.99803 8.98029 2.3 0.0198084
8.99803 8.98029 2.3 0.0198084
8.99803 8.98029 2.3 0.0198084
8.99803 8.98029 2.3 0.0198084
8.99803 8.98029 2.3 0.0198084
8.99803 8.98029 2.3 0.0198084
8.99803 8.98029 2.3 0.0198084
8.99803 8.98029 2.3 0.0198084
8.99803 8.98029 2.3 0.0198084
8.99803 8.98029 2.3 0.0198084
8.99803 8.98029 2.3 0.0198084
8.99803 8.98029 2.3 0.0198084
8.99803 8.98029 2.3 0.0198084
8.99803 8.98029 2.3 0.0198084
8.99803 8.98029 2.3 0.0198084
8.99803 8.98029 2.3 0.0198084
8.99803 8.98029 2.3 0.0198084
8.99803 8.98029 2.3 0.0198084
8.99803 8.98029 2.3 0.0198084
8.99803 8.98029 2.3 0.0198084
8.99803 8.98029 2.3 0.0198084
8.99803 8.98029 2.3 0.0198084
8.99803 8.98029 2.3 0.0198084
8.99803 8.98029 2.3 0.0198084
8.99803 8.98029 2.3 0.0198084
8.99803 8.98029 2.3 0.0198084
8.99803 8.98029 2.3 0.0198084
8.99803 8.98029 2.3 0.0198084
8.99803 8.98029 2.3 0.0198084
8.99803 8.98029 2.3 0.0198084
8.99803 8.98029 2.3 0.0198084
8.99803 8.98029 2.3 0.0198084
8.99803 8.98029 2.3 0.0198084
8.99803 8.98029 2.3 0.0198084
8.99803 8.98029 2.3 0.0198084
8.99803 8.98029 2.3 0.0198084
8.99803 8.98029 2.3 0.0198084
8.99803 8.98029 2.3 0.0198084
8.99803 8.98029 2.3 0.0198084
8.99803 8.98029 2.3 0.0198084
8.99803 8.98029 2.3 0.0198084
8.99803 8.98029 2.3 0.0198084
8.99803 8.98029 2.3 0.0198084
8.99803 8.98029 2.3 0.0198084
8.99803 8.98029 2.3 0.0198084
8.99803 8.98029 2.3 0.0198084
8.99803 8.98029 2.3 0.0198084
8.99803 8.98029 2.3 0.0198084
8.99803 8.98029 2.3 0.0198084
8.99803 8.98029 2.3 0.0198084
8.99803 8.98029 2.3 0.0198084
8.99803 8.98029 2.3 0.0198084
8.99803 8.98029 2.3 0.0198084
8.99803 8.98029 2.3 0.0198084
8.99803 8.98029 2.3 0.0198084
8.99803 8.98029 2.3 0.0198084
8.99803 8.98029 2.3 0.0198084
8.99803 8.98029 2.3 0.0198084
8.99803 8.98029 2.3 0.0198084
8.99803 8.98029 2.3 0.0198084
8.99803 8.98029 2.3 0.0198084
8.99803 8.98029 2.3 0.0198084
8.99803 8.98029 2.3 0.0198084
8.99803 8.98029 2.3 0.0198084
8.99803 8.98029 2.3 0.0198084
8.99803 8.98029 2.3 0.0198084
8.99803 8.98029 2.3 0.0198084
8.99803 8.98029 2.3 0.0198084
8.99803 8.98029 2.3 0.0198084
8.99803 8.98029 2.3 0.0198084
8.99803 8.98029 2.3 0.0198084
8.99803 8.98029 2.3 0.0198084
8.99803 8.98029 2.3 0.0198084
8.99803 8.98029 2.3 0.0198084
8.99803 8.98029 2.3 0.0198084
8.99803 8.98029 2.3 0.0198084
8.99803 8.98029 2.3 0.0198084
8.99803 8.98029 2.3 0.0198084
8.99803 8.98029 2.3 0.0198084
8.99803 8.98029 2.3 0.0198084
8.99803 8.98029 2.3 0.0198084
8.99803 8.98029 2.3 0.0198084
8.99803 8.98029 2.3 0.0198084
8.99803 8.98029 2.3 0.0198084
8.99803 8.98029 2.3 0.0198084
8.99803 8.98029 2.3 0.0198084
8.99803 8.98029 2.3 0.0198084
8.99803 8.98029 2.3 0.0198084
8.99803 8.98029 2.3 0.0198084
8.99803 8.98029 2.3 0.0198084
8.99803 8.98029 2.3 0.0198084
8.99803 8.98029 2.3 0.0198084
8.99803 8.98029 2.3 0.0198084
8.99803 8.98029 2.3 0.0198084
8.99803 8.98029 2.3 0.0198084
8.99803 8.98029 2.3 0.0198084
8.99803 8.98029 2.3 0.0198084
8.99803 8.98029 2.3 0.0198084
8.99803 8.98029 2.3 0.0198084
8.99803 8.98029 2.3 0.0198084
8.99803 8.98029 2.3 0.0198084
8.99803 8.98029 2.3 0.0198084
8.99803 8.98029 2.3 0.0198084
8.99803 8.98029 2.3 0.0198084
8.99803 8.98029 2.3 0.0198084
8.99803 8.98029 2.3 0.0198084
8.99803 8.98029 2.3 0.0198084
8.99803 8.98029 2.3 0.0198084
8.99803 8.98029 2.3 0.0198084
8.99803 8.98029 2.3 0.0198084
8.99803 8.98029 2.3 0.0198084
8.99803 8.98029 2.3 0.0198084
8.99803 8.98029 2.3 0.0198084
8.99803 8.98029 2.3 0.0198084
8.99803 8.98029 2.3 0.0198084
8.99803 8.98029 2.3 0.0198084
8.99803 8.98029 2.3 0.0198084
8.99803 8.98029 2.3 0.0198084
8.99803 8.98029 2.3 0.0198084
8.99803 8.98029 2.3 0.0198084
8.99803 8.98029 2.3 0.0198084
8.99803 8.98029 2.3 0.0198084
8.99803 8.98029 2.3 0.0198084
8.99803 8.98029 2.3 0.0198084
8.99803 8.98029 2.3 0.0198084
8.99803 8.98029 2.3 0.0198084
8.99803 8.98029 2.3 0.0198084
8.99803 8.98029 2.3 0.0198084
8.99803 8.98029 2.3 0.0198084
8.99803 8.98029 2.3 0.0198084
8.99803 8.98029 2.3 0.0198084
8.99803 8.98029 2.3 0.0198084
8.99803 8.98029 2.3 0.0198084
8.99803 8.98029 2.3 0.0198084
8.99803 8.98029 2.3 0.0198084
8.99803 8.98029 2.3 0.0198084
8.99803 8.98029 2.3 0.0198084
8.99803 8.98029 2.3 0.0198084
8.99803 8.98029 2.3 0.0198084
8.99803 8.98029 2.3 0.0198084
8.99803 8.98029 2.3 0.0198084
8.99803 8.98029 2.3 0.0198084
8.99803 8.98029 2.3 0.0198084
8.99803 8.98029 2.3 0.0198084
8.99803 8.98029 2.3 0.0198084
8.99803 8.98029 2.3 0.0198084
8.99803 8.98029 2.3 0.0198084
-5.67513e-25 0 -9.55175e-35 10
-5.67513e-25 0 0.0255006 10
-5.67513e-25 0 0.0592838 10
-5.67513e-25 0 0.0919704 10
-5.67513e-25 0 0.123571 10
-5.67513e-25 0 0.153804 10
-5.67513e-25 0 0.183032 10
6.49427e-08 1.26357e-08 0.210177 10
6.49429e-08 1.26358e-08 0.237266 10
6.49431e-08 1.26358e-08 0.263193 10
6.49434e-08 1.26359e-08 0.288315 10
6.49437e-08 1.2636e-08 0.312351 10
6.49439e-08 1.26361e-08 0.335403 10
6.49442e-08 1.26362e-08 0.357717 10
6.49444e-08 1.26363e-08 0.379069 10
6.49447e-08 1.26364e-08 0.399737 10
6.49449e-08 1.26365e-08 0.419718 10
6.49451e-08 1.26366e-08 0.438833 10
6.49454e-08 1.26367e-08 0.457312 10
6.49456e-08 1.26368e-08 0.47497 10
6.49458e-08 1.26369e-08 0.492043 10
6.4946e-08 1.2637e-08 0.508377 10
6.49462e-08 1.26371e-08 0.524189 10
6.49464e-08 1.26372e-08 0.539317 10
6.49466e-08 1.26374e-08 0.553961 10
6.49468e-08 1.26375e-08 0.567972 10
6.4947e-08 1.26376e-08 0.581518 10
6.49472e-08 1.26378e-08 0.59448 10
6.49474e-08 1.26379e-08 0.607027 10
6.49476e-08 1.2638e-08 0.619033 10
6.49478e-08 1.26382e-08 0.630628 10
6.4948e-08 1.26383e-08 0.641825 10
6.49482e-08 1.26385e-08 0.652514 10
6.49484e-08 1.26386e-08 0.662861 10
6.49486e-08 1.26388e-08 0.672865 10
6.49488e-08 1.26389e-08 0.682436 10
6.4949e-08 1.26391e-08 0.691688 10
6.49491e-08 1.26392e-08 0.700541 10
6.49493e-08 1.26394e-08 0.709109 10
6.49495e-08 1.26395e-08 0.717297 10
6.49497e-08 1.26397e-08 0.725214 10
6.49499e-08 1.26399e-08 0.73279 10
6.495e-08 1.264e-08 0.740114 10
6.49502e-08 1.26402e-08 0.747195 10
6.49504e-08 1.26403e-08 0.753978 10
6.49506e-08 1.26405e-08 0.760534 10
6.49507e-08 1.26407e-08 0.766807 10
6.49509e-08 1.26408e-08 0.772885 10
6.49511e-08 1.2641e-08 0.778694 10
6.49513e-08 1.26412e-08 0.784309 10
6.49514e-08 1.26414e-08 0.789681 10
6.49516e-08 1.26415e-08 0.794881 10
6.49518e-08 1.26417e-08 0.799857 10
6.49519e-08 1.26419e-08 0.804656 10
6.49521e-08 1.2642e-08 0.809295 10
6.49523e-08 1.26422e-08 0.813729 10
6.49524e-08 1.26423e-08 0.81801 10
6.49525e-08 1.26425e-08 0.822145 10
6.49524e-08 1.26424e-08 0.826095 10
6.49523e-08 1.26422e-08 0.829906 10
6.49521e-08 1.2642e-08 0.833582 10
6.49519e-08 1.26419e-08 0.837095 10
6.49518e-08 1.26417e-08 0.840492 10
6.49516e-08 1.26415e-08 0.843776 10
6.49515e-08 1.26413e-08 0.846914 10
6.49513e-08 1.26411e-08 0.849948 10
6.49512e-08 1.2641e-08 0.852874 10
6.4951e-08 1.26408e-08 0.85567 10
6.49508e-08 1.26406e-08 0.858376 10
6.49507e-08 1.26404e-08 0.860966 10
6.49505e-08 1.26402e-08 0.863469 10
6.49504e-08 1.26401e-08 0.865862 10
6.49502e-08 1.26399e-08 0.868178 10
6.49501e-08 1.26397e-08 0.870417 10
6.49499e-08 1.26395e-08 0.872559 10
6.49498e-08 1.26393e-08 0.874632 10
6.49496e-08 1.26391e-08 0.876613 10
6.49494e-08 1.26389e-08 0.878528 10
6.49493e-08 1.26388e-08 0.880363 10
6.49491e-08 1.26386e-08 0.882134 10
6.4949e-08 1.26384e-08 0.883829 10
6.49488e-08 1.26382e-08 0.885466 10
6.49487e-08 1.2638e-08 0.887043 10
6.49485e-08 1.26378e-08 0.888552 10
6.49484e-08 1.26376e-08 0.890012 10
6.49482e-08 1.26375e-08 0.89141 10
6.49481e-08 1.26373e-08 0.892763 10
6.49479e-08 1.26371e-08 0.894057 10
6.49478e-08 1.26369e-08 0.895305 10
6.49476e-08 1.26367e-08 0.896508 10
6.49475e-08 1.26365e-08 0.897671 10
6.49473e-08 1.26363e-08 0.898792 10
6.49472e-08 1.26361e-08 0.899863 10
6.4947e-08 1.2636e-08 0.900898 10
6.49469e-08 1.26358e-08 0.901898 10
6.49467e-08 1.26356e-08 0.902855 10
6.49466e-08 1.26354e-08 0.903771 10
6.49464e-08 1.26352e-08 0.904657 10
6.49463e-08 1.2635e-08 0.905513 10
6.49461e-08 1.26348e-08 0.906332 10
6.4946e-08 1.26346e-08 0.907124 10
6.49458e-08 1.26344e-08 0.907882 10
6.49457e-08 1.26343e-08 0.908614 10
6.49455e-08 1.26341e-08 0.909315 10
6.49454e-08 1.26339e-08 0.909994 10
6.49452e-08 1.26337e-08 0.910643 10
6.49451e-08 1.26335e-08 0.91127 10
6.49449e-08 1.26333e-08 0.91187 10
6.49448e-08 1.26331e-08 0.912449 10
6.49447e-08 1.26329e-08 0.913008 10
6.49445e-08 1.26327e-08 0.913543 10
6.49444e-08 1.26325e-08 0.914061 10
6.49442e-08 1.26324e-08 0.91456 10
6.49441e-08 1.26322e-08 0.915041 10
6.49439e-08 1.2632e-08 0.915501 10
6.49438e-08 1.26318e-08 0.915946 10
6.49436e-08 1.26316e-08 0.916373 10
6.49435e-08 1.26314e-08 0.916783 10
6.49433e-08 1.26312e-08 0.917177 10
6.49432e-08 1.2631e-08 0.917558 10
6.4943e-08 1.26308e-08 0.917927 10
6.49429e-08 1.26306e-08 0.918282 10
6.49428e-08 1.26304e-08 0.91862 10
6.49426e-08 1.26303e-08 0.918948 10
6.49425e-08 1.26301e-08 0.919261 10
6.49423e-08 1.26299e-08 0.919564 10
6.49422e-08 1.26297e-08 0.919855 10
6.4942e-08 1.26295e-08 0.920136 10
6.49419e-08 1.26293e-08 0.920407 10
6.49417e-08 1.26291e-08 0.920666 10
6.49416e-08 1.26289e-08 0.920917 10
6.49414e-08 1.26287e-08 0.921158 10
6.49413e-08 1.26285e-08 0.92139 10
6.49411e-08 1.26283e-08 0.921612 10
6.4941e-08 1.26282e-08 0.921827 10
6.49409e-08 1.2628e-08 0.922032 10
6.49407e-08 1.26278e-08 0.922231 10
6.49406e-08 1.26276e-08 0.922421 10
6.49404e-08 1.26274e-08 0.922604 10
6.49403e-08 1.26272e-08 0.922781 10
6.49401e-08 1.2627e-08 0.922952 10
6.494e-08 1.26268e-08 0.923115 10
6.49398e-08 1.26266e-08 0.923272 10
6.49397e-08 1.26264e-08 0.923424 10
6.49396e-08 1.26262e-08 0.92357 10
6.49394e-08 1.2626e-08 0.923711 10
6.49393e-08 1.26259e-08 0.923846 10
6.49391e-08 1.26257e-08 0.923976 10
6.4939e-08 1.26255e-08 0.924101 10
6.49389e-08 1.26253e-08 0.924221 10
6.49388e-08 1.26252e-08 0.924337 10
6.49387e-08 1.26251e-08 0.924449 10
6.49386e-08 1.26249e-08 0.924556 10
6.49385e-08 1.26248e-08 0.924659 10
6.49384e-08 1.26247e-08 0.924758 10
6.49384e-08 1.26246e-08 0.924854 10
6.49383e-08 1.26246e-08 0.924946 10
6.49382e-08 1.26245e-08 0.925034 10
6.49382e-08 1.26244e-08 0.92512 10
6.49382e-08 1.26244e-08 0.925202 10
6.49381e-08 1.26244e-08 0.925281 10
6.49381e-08 1.26243e-08 0.925356 10
6.49381e-08 1.26243e-08 0.925429 10
6.49381e-08 1.26243e-08 0.9255 10
6.49381e-08 1.26243e-08 0.925567 10
6.49381e-08 1.26243e-08 0.925633 10
6.49381e-08 1.26243e-08 0.925695 10
6.49381e-08 1.26243e-08 0.925755 10
6.49381e-08 1.26243e-08 0.925813 10
6.49381e-08 1.26243e-08 0.925869 10
6.49381e-08 1.26243e-08 0.925923 10
6.49381e-08 1.26243e-08 0.925974 10
6.49381e-08 1.26243e-08 0.926024 10
6.49381e-08 1.26243e-08 0.926072 10
6.49381e-08 1.26243e-08 0.926118 10
6.49381e-08 1.26243e-08 0.926162 10
6.49381e-08 1.26243e-08 0.926204 10
6.49381e-08 1.26243e-08 0.926245 10
6.49381e-08 1.26243e-08 0.926285 10
6.49381e-08 1.26243e-08 0.926323 10
6.49381e-08 1.26243e-08 0.926359 10
6.49381e-08 1.26243e-08 0.926395 10
6.49381e-08 1.26243e-08 0.926429 10
6.49381e-08 1.26243e-08 0.926461 10
6.49381e-08 1.26243e-08 0.926492 10
6.49381e-08 1.26243e-08 0.926523 10
6.49381e-08 1.26243e-08 0.926552 10
6.49381e-08 1.26243e-08 0.92658 10
6.49381e-08 1.26243e-08 0.926607 10
6.49381e-08 1.26243e-08 0.926633 10
6.49381e-08 1.26243e-08 0.926658 10
6.49381e-08 1.26243e-08 0.926682 10
6.49381e-08 1.26243e-08 0.926705 10
6.49381e-08 1.26243e-08 0.926727 10
6.49381e-08 1.26243e-08 0.926749 10
6.49381e-08 1.26243e-08 0.926769 10
6.49381e-08 1.26243e-08 0.926789 10
6.49381e-08 1.26243e-08 0.926808 10
6.49381e-08 1.26243e-08 0.926826 10
6.49381e-08 1.26243e-08 0.926844 10
6.49381e-08 1.26243e-08 0.926861 10
6.49381e-08 1.26243e-08 0.926877 10
6.49381e-08 1.26243e-08 0.926893 10
6.49381e-08 1.26243e-08 0.926908 10
6.49381e-08 1.26243e-08 0.926923 10
6.49381e-08 1.26243e-08 0.926937 10
6.49381e-08 1.26243e-08 0.92695 10
6.49381e-08 1.26243e-08 0.926963 10
6.49381e-08 1.26243e-08 0.926976 10
6.49381e-08 1.26243e-08 0.926988 10
6.49381e-08 1.26243e-08 0.926999 10
6.49381e-08 1.26243e-08 0.92701 10
6.49381e-08 1.26243e-08 0.927021 10
6.49381e-08 1.26243e-08 0.927031 10
6.49381e-08 1.26243e-08 0.927041 10
6.49381e-08 1.26243e-08 0.927051 10
6.49381e-08 1.26243e-08 0.92706 10
6.49381e-08 1.26243e-08 0.927069 10
6.49381e-08 1.26243e-08 0.927078 10
6.49381e-08 1.26243e-08 0.927086 10
6.49381e-08 1.26243e-08 0.927094 10
6.49381e-08 1.26243e-08 0.927101 10
6.49381e-08 1.26243e-08 0.927109 10
6.49381e-08 1.26243e-08 0.927116 10
6.49381e-08 1.26243e-08 0.927122 10
6.49381e-08 1.26243e-08 0.927129 10
6.49381e-08 1.26243e-08 0.927135 10
6.49381e-08 1.26243e-08 0.927141 10
6.49381e-08 1.26243e-08 0.927147 10
6.49381e-08 1.26243e-08 0.927153 10
6.49381e-08 1.26243e-08 0.927158 10
6.49381e-08 1.26243e-08 0.927163 10
6.49381e-08 1.26243e-08 0.927168 10
6.49381e-08 1.26243e-08 0.927173 10
6.49381e-08 1.26243e-08 0.927177 10
6.49381e-08 1.26243e-08 0.927182 10
6.49381e-08 1.26243e-08 0.927186 10
6.49381e-08 1.26243e-08 0.92719 10
6.49381e-08 1.26243e-08 0.927194 10
6.49381e-08 1.26243e-08 0.927198 10
6.49381e-08 1.26243e-08 0.927202 10
6.49381e-08 1.26243e-08 0.927205 10
6.49381e-08 1.26243e-08 0.927209 10
6.49381e-08 1.26243e-08 0.927212 10
6.49381e-08 1.26243e-08 0.927215 10
6.49381e-08 1.26243e-08 0.927218 10
6.49381e-08 1.26243e-08 0.927221 10
6.49381e-08 1.26243e-08 0.927224 10
6.49381e-08 1.26243e-08 0.927226 10
6.49381e-08 1.26243e-08 0.927229 10
6.49381e-08 1.26243e-08 0.927232 10
6.49381e-08 1.26243e-08 0.927234 10
6.49381e-08 1.26243e-08 0.927236 10
6.49381e-08 1.26243e-08 0.927238 10
6.49381e-08 1.26243e-08 0.927241 10
6.49381e-08 1.26243e-08 0.927243 10
6.49381e-08 1.26243e-08 0.927245 10
6.49381e-08 1.26243e-08 0.927247 10
6.49381e-08 1.26243e-08 0.927248 10
6.49381e-08 1.26243e-08 0.92725 10
6.49381e-08 1.26243e-08 0.927252 10
6.49381e-08 1.26243e-08 0.927253 10
6.49381e-08 1.26243e-08 0.927255 10
6.49381e-08 1.26243e-08 0.927257 10
6.49381e-08 1.26243e-08 0.927258 10
6.49381e-08 1.26243e-08 0.927259 10
6.49381e-08 1.26243e-08 0.927261 10
6.49381e-08 1.26243e-08 0.927262 10
6.49381e-08 1.26243e-08 0.927263 10
6.49381e-08 1.26243e-08 0.927264 10
6.49381e-08 1.26243e-08 0.927266 10
6.49381e-08 1.26243e-08 0.927267 10
6.49381e-08 1.26243e-08 0.927268 10
6.49381e-08 1.26243e-08 0.927269 10
6.49381e-08 1.26243e-08 0.92727 10
6.49381e-08 1.26243e-08 0.927271 10
6.49381e-08 1.26243e-08 0.927272 10
6.49381e-08 1.26243e-08 0.927273 10
6.49381e-08 1.26243e-08 0.927273 10
6.49381e-08 1.26243e-08 0.927274 10
6.49381e-08 1.26243e-08 0.927275 10
6.49381e-08 1.26243e-08 0.927276 10
6.49381e-08 1.26243e-08 0.927277 10
6.49381e-08 1.26243e-08 0.927277 10
6.49381e-08 1.26243e-08 0.927278 10
6.49381e-08 1.26243e-08 0.927279 10
6.49381e-08 1.26243e-08 0.927279 10
6.49381e-08 1.26243e-08 0.92728 10
6.49381e-08 1.26243e-08 0.92728 10
6.49381e-08 1.26243e-08 0.927281 10
6.49381e-08 1.26243e-08 0.927281 10
6.49381e-08 1.26243e-08 0.927282 10
6.49381e-08 1.26243e-08 0.927283 10
6.49381e-08 1.26243e-08 0.927283 10
6.49381e-08 1.26243e-08 0.927283 10
6.49381e-08 1.26243e-08 0.927284 10
6.49381e-08 1.26243e-08 0.927284 10
6.49381e-08 1.26243e-08 0.927285 10
6.49381e-08 1.26243e-08 0.927285 10
6.49381e-08 1.26243e-08 0.927285 10
6.49381e-08 1.26243e-08 0.927286 10
6.49381e-08 1.26243e-08 0.927286 10
6.49381e-08 1.26243e-08 0.927287 10
6.49381e-08 1.26243e-08 0.927287 10
6.49381e-08 1.26243e-08 0.927287 10
6.49381e-08 1.26243e-08 0.927287 10
6.49381e-08 1.26243e-08 0.927288 10
6.49381e-08 1.26243e-08 0.927288 10
6.49381e-08 1.26243e-08 0.927288 10
6.49381e-08 1.26243e-08 0.927289 10
6.49381e-08 1.26243e-08 0.927289 10
6.49381e-08 1.26243e-08 0.927289 10
6.49381e-08 1.26243e-08 0.927289 10
6.49381e-08 1.26243e-08 0.92729 10
6.49381e-08 1.26243e-08 0.92729 10
6.49381e-08 1.26243e-08 0.92729 10
6.49381e-08 1.26243e-08 0.92729 10
6.49381e-08 1.26243e-08 0.92729 10
6.49381e-08 1.26243e-08 0.927291 10
6.49381e-08 1.26243e-08 0.927291 10
6.49381e-08 1.26243e-08 0.927291 10
6.49381e-08 1.26243e-08 0.927291 10
6.49381e-08 1.26243e-08 0.927291 10
6.49381e-08 1.26243e-08 0.927291 10
6.49381e-08 1.26243e-08 0.927291 10
6.49381e-08 1.26243e-08 0.927292 10
6.49381e-08 1.26243e-08 0.927292 10
6.49381e-08 1.26243e-08 0.927292 10
6.49381e-08 1.26243e-08 0.927292 10
6.49381e-08 1.26243e-08 0.927292 10
6.49381e-08 1.26243e-08 0.927292 10
6.49381e-08 1.26243e-08 0.927292 10
6.49381e-08 1.26243e-08 0.927292 10
6.49381e-08 1.26243e-08 0.927293 10
6.49381e-08 1.26243e-08 0.927293 10
6.49381e-08 1.26243e-08 0.927293 10
6.49381e-08 1.26243e-08 0.927293 10
6.49381e-08 1.26243e-08 0.927293 10
6.49381e-08 1.26243e-08 0.927293 10
6.49381e-08 1.26243e-08 0.927293 10
6.49381e-08 1.26243e-08 0.927293 10
6.49381e-08 1.26243e-08 0.927293 10
6.49381e-08 1.26243e-08 0.927293 10
6.49381e-08 1.26243e-08 0.927293 10
6.49381e-08 1.26243e-08 0.927293 10
6.49381e-08 1.26243e-08 0.927294 10
6.49381e-08 1.26243e-08 0.927294 10
6.49381e-08 1.26243e-08 0.927294 10
6.49381e-08 1.26243e-08 0.927294 10
6.49381e-08 1.26243e-08 0.927294 10
6.49381e-08 1.26243e-08 0.927294 10
6.49381e-08 1.26243e-08 0.927294 10
6.49381e-08 1.26243e-08 0.927294 10
6.49381e-08 1.26243e-08 0.927294 10
6.49381e-08 1.26243e-08 0.927294 10
6.49381e-08 1.26243e-08 0.927294 10
6.49381e-08 1.26243e-08 0.927294 10
6.49381e-08 1.26243e-08 0.927294 10
6.49381e-08 1.26243e-08 0.927294 10
6.49381e-08 1.26243e-08 0.927294 10
6.49381e-08 1.26243e-08 0.927294 10
6.49381e-08 1.26243e-08 0.927294 10
6.49381e-08 1.26243e-08 0.927294 10
6.49381e-08 1.26243e-08 0.927294 10
6.49381e-08 1.26243e-08 0.927294 10
6.49381e-08 1.26243e-08 0.927294 10
6.49381e-08 1.26243e-08 0.927294 10
6.49381e-08 1.26243e-08 0.927294 10
6.49381e-08 1.26243e-08 0.927295 10
6.49381e-08 1.26243e-08 0.927295 10
6.49381e-08 1.26243e-08 0.927295 10
6.49381e-08 1.26243e-08 0.927295 10
6.49381e-08 1.26243e-08 0.927295 10
6.49381e-08 1.26243e-08 0.927295 10
6.49381e-08 1.26243e-08 0.927295 10
6.49381e-08 1.26243e-08 0.927295 10
6.49381e-08 1.26243e-08 0.927295 10
6.49381e-08 1.26243e-08 0.927295 10
6.49381e-08 1.26243e-08 0.927295 10
6.49381e-08 1.26243e-08 0.927295 10
6.49381e-08 1.26243e-08 0.927295 10
6.49381e-08 1.26243e-08 0.927295 10
6.49381e-08 1.26243e-08 0.927295 10
6.49381e-08 1.26243e-08 0.927295 10
6.49381e-08 1.26243e-08 0.927295 10
6.49381e-08 1.26243e-08 0.927295 10
6.49381e-08 1.26243e-08 0.927295 10
6.49381e-08 1.26243e-08 0.927295 10
6.49381e-08 1.26243e-08 0.927295 10
6.49381e-08 1.26243e-08 0.927295 10
6.49381e-08 1.26243e-08 0.927295 10
6.49381e-08 1.26243e-08 0.927295 10
6.49381e-08 1.26243e-08 0.927295 10
6.49381e-08 1.26243e-08 0.927295 10
6.49381e-08 1.26243e-08 0.927295 10
6.49381e-08 1.26243e-08 0.927295 10
6.49381e-08 1.26243e-08 0.927295 10
6.49381e-08 1.26243e-08 0.927295 10
6.49381e-08 1.26243e-08 0.927295 10
6.49381e-08 1.26243e-08 0.927295 10
6.49381e-08 1.26243e-08 0.927295 10
6.49381e-08 1.26243e-08 0.927295 10
6.49381e-08 1.26243e-08 0.927295 10
6.49381e-08 1.26243e-08 0.927295 10
6.49381e-08 1.26243e-08 0.927295 10
6.49381e-08 1.26243e-08 0.927295 10
6.49381e-08 1.26243e-08 0.927295 10
6.49381e-08 1.26243e-08 0.927295 10
6.49381e-08 1.26243e-08 0.927295 10
6.49381e-08 1.26243e-08 0.927295 10
6.49381e-08 1.26243e-08 0.927295 10
6.49381e-08 1.26243e-08 0.927295 10
6.49381e-08 1.26243e-08 0.927295 10
6.49381e-08 1.26243e-08 0.927295 10
6.49381e-08 1.26243e-08 0.927295 10
6.49381e-08 1.26243e-08 0.927295 10
6.49381e-08 1.26243e-08 0.927295 10
6.49381e-08 1.26243e-08 0.927295 10
6.49381e-08 1.26243e-08 0.927295 10
6.49381e-08 1.26243e-08 0.927295 10
6.49381e-08 1.26243e-08 0.927295 10
6.49381e-08 1.26243e-08 0.927295 10
6.49381e-08 1.26243e-08 0.927295 10
6.49381e-08 1.26243e-08 0.927295 10
6.49381e-08 1.26243e-08 0.927295 10
6.49381e-08 1.26243e-08 0.927295 10
6.49381e-08 1.26243e-08 0.927295 10
6.49381e-08 1.26243e-08 0.927295 10
6.49381e-08 1.26243e-08 0.927295 10
6.49381e-08 1.26243e-08 0.927295 10
6.49381e-08 1.26243e-08 0.927295 10
6.49381e-08 1.26243e-08 0.927295 10
6.49381e-08 1.26243e-08 0.927295 10
6.49381e-08 1.26243e-08 0.927295 10
6.49381e-08 1.26243e-08 0.927295 10
6.49381e-08 1.26243e-08 0.927295 10
6.49381e-08 1.26243e-08 0.927295 10
6.49381e-08 1.26243e-08 0.927295 10
6.49381e-08 1.26243e-08 0.927295 10
6.49381e-08 1.26243e-08 0.927295 10
6.49381e-08 1.26243e-08 0.927295 10
6.49381e-08 1.26243e-08 0.927295 10
6.49381e-08 1.26243e-08 0.927295 10
6.49381e-08 1.26243e-08 0.927295 10
6.49381e-08 1.26243e-08 0.927295 10
6.49381e-08 1.26243e-08 0.927295 10
6.49381e-08 1.26243e-08 0.927295 10
6.49381e-08 1.26243e-08 0.927295 10
6.49381e-08 1.26243e-08 0.927295 10
6.49381e-08 1.26243e-08 0.927295 10
6.49381e-08 1.26243e-08 0.927295 10
6.49381e-08 1.26243e-08 0.927295 10
6.49381e-08 1.26243e-08 0.927295 10
6.49381e-08 1.26243e-08 0.927295 10
6.49381e-08 1.26243e-08 0.927295 10
6.49381e-08 1.26243e-08 0.927295 10
6.49381e-08 1.26243e-08 0.927295 10
6.49381e-08 1.26243e-08 0.927295 10
6.49381e-08 1.26243e-08 0.927295 10
6.49381e-08 1.26243e-08 0.927295 10
6.49381e-08 1.26243e-08 0.927295 10
6.49381e-08 1.26243e-08 0.927295 10
6.49381e-08 1.26243e-08 0.927295 10
6.49381e-08 1.26243e-08 0.927295 10
6.49381e-08 1.26243e-08 0.927295 10
6.49381e-08 1.26243e-08 0.927295 10
6.49381e-08 1.26243e-08 0.927295 10
6.49381e-08 1.26243e-08 0.927295 10
6.49381e-08 1.26243e-08 0.927295 10
6.49381e-08 1.26243e-08 0.927295 10
6.49381e-08 1.26243e-08 0.927295 10
6.49381e-08 1.26243e-08 0.927295 10
6.49381e-08 1.26243e-08 0.927295 10
6.49381e-08 1.26243e-08 0.927295 10
6.49381e-08 1.26243e-08 0.927295 10
6.49381e-08 1.26243e-08 0.927295 10
6.49381e-08 1.26243e-08 0.927295 10
6.49381e-08 1.26243e-08 0.927295 10
6.49381e-08 1.26243e-08 0.927295 10
6.49381e-08 1.26243e-08 0.927295 10
6.49381e-08 1.26243e-08 0.927295 10
6.49381e-08 1.26243e-08 0.927295 10
6.49381e-08 1.26243e-08 0.927295 10
6.49381e-08 1.26243e-08 0.927295 10
6.49381e-08 1.26243e-08 0.927295 10
6.49381e-08 1.26243e-08 0.927295 10
6.49381e-08 1.26243e-08 0.927295 10
6.49381e-08 1.26243e-08 0.927295 10
6.49381e-08 1.26243e-08 0.927295 10
6.49381e-08 1.26243e-08 0.927295 10
6.49381e-08 1.26243e-08 0.927295 10
6.49381e-08 1.26243e-08 0.927295 10
6.49381e-08 1.26243e-08 0.927295 10
6.49381e-08 1.26243e-08 0.927295 10
6.49381e-08 1.26243e-08 0.927295 10
6.49381e-08 1.26243e-08 0.927295 10
6.49381e-08 1.26243e-08 0.927295 10
6.49381e-08 1.26243e-08 0.927295 10
6.49381e-08 1.26243e-08 0.927295 10
6.49381e-08 1.26243e-08 0.927295 10
6.49381e-08 1.26243e-08 0.927295 10
6.49381e-08 1.26243e-08 0.927295 10
6.49381e-08 1.26243e-08 0.927295 10
6.49381e-08 1.26243e-08 0.927295 10
6.49381e-08 1.26243e-08 0.927295 10
6.49381e-08 1.26243e-08 0.927295 10
6.49381e-08 1.26243e-08 0.927295 10
6.49381e-08 1.26243e-08 0.927295 10
6.49381e-08 1.26243e-08 0.927295 10
6.49381e-08 1.26243e-08 0.927295 10
6.49381e-08 1.26243e-08 0.927295 10
6.49381e-08 1.26243e-08 0.927295 10
6.49381e-08 1.26243e-08 0.927295 10
6.49381e-08 1.26243e-08 0.927295 10
6.49381e-08 1.26243e-08 0.927295 10
6.49381e-08 1.26243e-08 0.927295 10
6.49381e-08 1.26243e-08 0.927295 10
6.49381e-08 1.26243e-08 0.927295 10
6.49381e-08 1.26243e-08 0.927295 10
6.49381e-08 1.26243e-08 0.927295 10
6.49381e-08 1.26243e-08 0.927295 10
6.49381e-08 1.26243e-08 0.927295 10
6.49381e-08 1.26243e-08 0.927295 10
6.49381e-08 1.26243e-08 0.927295 10
6.49381e-08 1.26243e-08 0.927295 10
6.49381e-08 1.26243e-08 0.927295 10
6.49381e-08 1.26243e-08 0.927295 10
6.49381e-08 1.26243e-08 0.927295 10
6.49381e-08 1.26243e-08 0.927295 10
6.49381e-08 1.26243e-08 0.927295 10
6.49381e-08 1.26243e-08 0.927295 10
6.49381e-08 1.26243e-08 0.927295 10
6.49381e-08 1.26243e-08 0.927295 10
6.49381e-08 1.26243e-08 0.927295 10
6.49381e-08 1.26243e-08 0.927295 10
6.49381e-08 1.26243e-08 0.927295 10
6.49381e-08 1.26243e-08 0.927295 10
6.49381e-08 1.26243e-08 0.927295 10
6.49381e-08 1.26243e-08 0.927295 10
6.49381e-08 1.26243e-08 0.927295 10
6.49381e-08 1.26243e-08 0.927295 10
6.49381e-08 1.26243e-08 0.927295 10
6.49381e-08 1.26243e-08 0.927295 10
6.49381e-08 1.26243e-08 0.927295 10
6.49381e-08 1.26243e-08 0.927295 10
6.49381e-08 1.26243e-08 0.927295 10
6.49381e-08 1.26243e-08 0.927295 10
6.49381e-08 1.26243e-08 0.927295 10
6.49381e-08 1.26243e-08 0.927295 10
6.49381e-08 1.26243e-08 0.927295 10
6.49381e-08 1.26243e-08 0.927295 10
6.49381e-08 1.26243e-08 0.927295 10
6.49381e-08 1.26243e-08 0.927295 10
-5.67513e-25 0 -9.55175e-35 10
0.089986 0.00137693 0.0306007 9.94516
0.191487 0.00622424 0.0646884 9.88126
0.291997 0.0144012 0.0976018 9.81586
0.391604 0.0257758 0.129683 9.74897
0.490209 0.0402142 0.160952 9.6807
0.587542 0.0575361 0.191193 9.61132
0.683705 0.0776306 0.22067 9.5408
0.778406 0.100297 0.249134 9.46944
0.871834 0.125459 0.27691 9.39715
0.963732 0.152919 0.303782 9.3242
1.05425 0.182606 0.329983 9.25052
1.14315 0.214324 0.355336 9.17637
1.23062 0.24802 0.38006 9.10166
1.31663 0.283596 0.40419 9.02645
1.40097 0.320848 0.427538 8.951
1.4838 0.359736 0.450288 8.87523
1.56497 0.400083 0.472322 8.79933
1.64463 0.441871 0.493811 8.72322
1.72261 0.484902 0.514609 8.64713
1.79912 0.529196 0.534911 8.5709
1.87396 0.574546 0.554562 8.49479
1.94734 0.620975 0.573729 8.41868
2.01908 0.668288 0.592282 8.34277
2.08939 0.716536 0.610396 8.2669
2.15813 0.765527 0.627945 8.19131
2.22549 0.815312 0.645079 8.11583
2.29129 0.865688 0.661665 8.04071
2.35574 0.91673 0.677858 7.96576
2.4187 0.968236 0.693536 7.89123
2.48037 1.02031 0.708855 7.8169
2.54059 1.07273 0.723686 7.74303
2.59955 1.12561 0.738166 7.66944
2.65714 1.17874 0.752196 7.59633
2.71353 1.23224 0.765895 7.52353
2.76858 1.28589 0.779158 7.45127
2.82248 1.33981 0.792107 7.37935
2.87509 1.39382 0.804644 7.30799
2.92655 1.44795 0.816844 7.23709
2.97679 1.50209 0.828658 7.16677
3.02599 1.55637 0.840194 7.09684
3.07412 1.61071 0.85144 7.02736
3.12113 1.66496 0.862328 6.95849
3.16712 1.71921 0.872934 6.8901
3.21202 1.77332 0.883204 6.82234
3.256 1.82742 0.893225 6.75502
3.29904 1.88145 0.902994 6.68819
3.34108 1.93528 0.912454 6.62199
3.38227 1.98904 0.921692 6.55623
3.42247 2.04252 0.930622 6.49116
3.46188 2.09592 0.93935 6.42652
3.5004 2.14906 0.94781 6.36251
3.53815 2.20206 0.956071 6.29895
3.57504 2.25477 0.964077 6.23603
3.61121 2.30733 0.971896 6.17356
3.64657 2.35955 0.979467 6.11174
3.68123 2.41159 0.98686 6.05038
3.71512 2.46327 0.994019 5.98966
3.74835 2.51475 1.00101 5.92941
3.78086 2.56588 1.00779 5.86977
3.81275 2.61677 1.0144 5.81062
3.84394 2.66729 1.0208 5.75208
3.87455 2.71757 1.02706 5.694
3.9045 2.76745 1.03312 5.63655
3.93386 2.81702 1.03902 5.57962
3.9626 2.86619 1.04473 5.52332
3.99081 2.91509 1.05031 5.46747
4.01843 2.96357 1.05571 5.41223
4.04555 3.01179 1.06098 5.35744
4.07211 3.05958 1.06609 5.30325
4.09818 3.10704 1.07107 5.24957
4.12378 3.15421 1.07592 5.19633
4.14887 3.20096 1.08063 5.14369
4.17352 3.24741 1.08522 5.09147
4.19767 3.29344 1.08967 5.03985
4.22142 3.33916 1.09401 4.98867
4.24469 3.38444 1.09822 4.93807
4.26757 3.42943 1.10232 4.88788
4.29 3.47399 1.1063 4.83827
4.31207 3.51825 1.11018 4.78907
4.33372 3.56209 1.11395 4.74042
4.35502 3.60561 1.11762 4.69219
4.37591 3.64872 1.12118 4.64449
4.39648 3.69152 1.12466 4.5972
4.41666 3.73389 1.12803 4.55045
4.43649 3.7759 1.13131 4.50417
4.45603 3.81764 1.13451 4.45825
4.47522 3.85896 1.13762 4.41284
4.49409 3.89993 1.14064 4.36788
4.51262 3.94047 1.14357 4.32343
4.53087 3.98071 1.14643 4.27938
4.54885 4.02064 1.14922 4.2357
4.56648 4.06011 1.15191 4.19258
4.58385 4.09926 1.15454 4.14985
4.60097 4.13811 1.1571 4.10749
4.61782 4.17662 1.1596 4.06554
4.63439 4.21476 1.16202 4.02404
4.65068 4.25248 1.16437 3.98304
4.66673 4.28989 1.16665 3.9424
4.68251 4.3269 1.16887 3.90223
4.69805 4.36357 1.17103 3.86247
4.71337 4.39994 1.17313 3.82307
4.72848 4.43601 1.17518 3.78401
4.74337 4.47176 1.17718 3.74534
4.75801 4.50712 1.17911 3.70712
4.77246 4.5422 1.181 3.66923
4.78667 4.57689 1.18283 3.63179
4.80068 4.61125 1.18461 3.59471
4.8145 4.64532 1.18634 3.55799
4.8281 4.67902 1.18802 3.52169
4.84151 4.71239 1.18966 3.48575
4.85473 4.74546 1.19125 3.45017
4.86775 4.77818 1.19279 3.41498
4.88061 4.81063 1.1943 3.3801
4.89329 4.84277 1.19576 3.34558
4.90578 4.87455 1.19718 3.31146
4.9181 4.90607 1.19857 3.27764
4.93027 4.93729 1.19992 3.24415
4.94226 4.96817 1.20122 3.21105
4.95409 4.99878 1.2025 3.17824
4.96578 5.02913 1.20374 3.14573
4.97729 5.05912 1.20494 3.11363
4.98865 5.08881 1.20611 3.08186
4.99986 5.11825 1.20725 3.05037
5.01094 5.14742 1.20837 3.01918
5.02188 5.17631 1.20945 2.9883
5.03265 5.20485 1.21049 2.95781
5.0433 5.23316 1.21151 2.92757
5.05381 5.2612 1.21251 2.89764
5.06417 5.2889 1.21347 2.86808
5.07441 5.31635 1.21441 2.83879
5.08451 5.34353 1.21532 2.8098
5.0945 5.37048 1.21621 2.78106
5.10435 5.39712 1.21707 2.75266
5.11409 5.42353 1.21791 2.72452
5.12372 5.4497 1.21873 2.69665
5.1332 5.47555 1.21952 2.66912
5.14258 5.50117 1.22029 2.64184
5.15184 5.52653 1.22104 2.61485
5.16098 5.55162 1.22177 2.58815
5.17002 5.57649 1.22248 2.5617
5.17893 5.60106 1.22317 2.53556
5.18776 5.62543 1.22384 2.50965
5.19646 5.64952 1.22449 2.48403
5.20507 5.6734 1.22513 2.45866
5.21358 5.69707 1.22575 2.4335
5.22199 5.72048 1.22635 2.40863
5.23029 5.74363 1.22693 2.38404
5.2385 5.76659 1.2275 2.35966
5.24662 5.78933 1.22805 2.33552
5.25463 5.8118 1.22859 2.31167
5.26254 5.83403 1.22911 2.28807
5.27037 5.85604 1.22962 2.26471
5.2781 5.87785 1.23011 2.24158
5.28576 5.89946 1.2306 2.21865
5.29331 5.92082 1.23106 2.196
5.30078 5.94197 1.23152 2.17357
5.30817 5.96292 1.23196 2.15135
5.31548 5.98368 1.23239 2.12935
5.32269 6.00418 1.23281 2.10761
5.32983 6.0245 1.23321 2.08608
5.33689 6.04462 1.23361 2.06476
5.34386 6.06451 1.23399 2.04369
5.35075 6.0842 1.23437 2.02283
5.35756 6.1037 1.23473 2.00217
5.36431 6.12301 1.23508 1.98172
5.37097 6.14213 1.23543 1.96147
5.37756 6.16103 1.23576 1.94146
5.38408 6.17976 1.23609 1.92162
5.39052 6.19831 1.2364 1.90198
5.39691 6.21669 1.23671 1.88253
5.4032 6.23485 1.23701 1.86331
5.40943 6.25282 1.2373 1.84429
5.4156 6.27062 1.23758 1.82545
5.4217 6.28827 1.23786 1.80678
5.42773 6.3057 1.23813 1.78834
5.43369 6.32295 1.23839 1.77009
5.43958 6.34004 1.23864 1.75201
5.44542 6.35698 1.23889 1.73409
5.4512 6.37376 1.23913 1.71635
5.45692 6.39037 1.23936 1.69878
5.46256 6.40676 1.23959 1.68144
5.46815 6.42301 1.23981 1.66426
5.47368 6.4391 1.24003 1.64725
5.47914 6.45501 1.24023 1.63043
5.48455 6.47079 1.24044 1.61374
5.48989 6.48638 1.24063 1.59726
5.49518 6.50182 1.24083 1.58095
5.50042 6.51711 1.24101 1.56478
5.50559 6.53223 1.24119 1.54881
5.51071 6.54719 1.24137 1.53299
5.51578 6.56202 1.24154 1.51732
5.52078 6.57667 1.24171 1.50183
5.52574 6.59119 1.24187 1.4865
5.53064 6.60555 1.24203 1.47132
5.53549 6.61979 1.24218 1.45628
5.5403 6.63388 1.24233 1.44139
5.54505 6.64781 1.24248 1.42667
5.54974 6.6616 1.24262 1.4121
5.5544 6.67527 1.24276 1.39767
5.55899 6.68878 1.24289 1.3834
5.56354 6.70216 1.24302 1.36927
5.56805 6.71541 1.24315 1.35527
5.57251 6.72854 1.24327 1.3414
5.57692 6.74152 1.24339 1.32769
5.58128 6.75437 1.2435 1.31413
5.5856 6.7671 1.24362 1.30068
5.58987 6.77967 1.24373 1.28741
5.5941 6.79213 1.24383 1.27425
5.59828 6.80446 1.24394 1.26123
5.60241 6.81667 1.24404 1.24834
5.6065 6.82873 1.24414 1.2356
5.61055 6.84069 1.24423 1.22298
5.61456 6.85252 1.24433 1.21049
5.61852 6.86423 1.24442 1.19812
5.62245 6.87584 1.24451 1.18586
5.62634 6.88733 1.24459 1.17373
5.63018 6.89868 1.24467 1.16175
5.63398 6.90992 1.24476 1.14989
5.63774 6.92106 1.24483 1.13813
5.64147 6.93208 1.24491 1.1265
5.64515 6.94298 1.24499 1.11499
5.6488 6.95377 1.24506 1.10361
5.65241 6.96446 1.24513 1.09232
5.65598 6.97504 1.2452 1.08116
5.65951 6.9855 1.24526 1.07012
5.66301 6.99585 1.24533 1.05919
5.66647 7.00612 1.24539 1.04835
5.6699 7.01628 1.24545 1.03762
5.67329 7.02632 1.24551 1.02703
5.67664 7.03627 1.24557 1.01653
5.67996 7.04611 1.24563 1.00615
5.68324 7.05585 1.24568 0.995867
5.68649 7.0655 1.24573 0.985687
5.68971 7.07505 1.24579 0.975603
5.6929 7.08451 1.24584 0.965622
5.69605 7.09386 1.24589 0.95576
5.69917 7.10311 1.24593 0.945994
5.70225 7.11228 1.24598 0.936318
5.70531 7.12137 1.24603 0.926736
5.70833 7.13034 1.24607 0.917269
5.71132 7.13922 1.24611 0.907893
5.71429 7.14802 1.24615 0.898607
5.71722 7.15674 1.24619 0.889416
5.72011 7.16534 1.24623 0.880339
5.72298 7.17387 1.24627 0.871343
5.72582 7.18231 1.24631 0.862428
5.72863 7.19067 1.24635 0.85361
5.73142 7.19895 1.24638 0.844874
5.73417 7.20714 1.24641 0.836241
5.73689 7.21523 1.24645 0.8277
5.73959 7.22325 1.24648 0.819243
5.74226 7.23119 1.24651 0.810863
5.7449 7.23903 1.24654 0.802588
5.74751 7.24682 1.24657 0.794374
5.7501 7.25451 1.2466 0.786257
5.75266 7.26214 1.24663 0.778212
5.75519 7.26968 1.24666 0.770263
5.7577 7.27714 1.24668 0.762389
5.76018 7.28453 1.24671 0.754592
5.76264 7.29183 1.24673 0.746888
5.76506 7.29906 1.24676 0.739265
5.76747 7.30623 1.24678 0.731704
5.76985 7.31331 1.24681 0.724234
5.77221 7.32033 1.24683 0.716831
5.77454 7.32727 1.24685 0.709501
5.77684 7.33414 1.24687 0.702258
5.77913 7.34094 1.24689 0.695084
5.78139 7.34768 1.24691 0.687975
5.78363 7.35436 1.24693 0.680934
5.78584 7.36095 1.24695 0.673982
5.78804 7.36748 1.24697 0.667089
5.79021 7.37395 1.24699 0.660264
5.79236 7.38035 1.247 0.653517
5.79448 7.38668 1.24702 0.646835
5.79658 7.39294 1.24704 0.640231
5.79866 7.39914 1.24705 0.633695
5.80072 7.40528 1.24707 0.627221
5.80276 7.41136 1.24708 0.620808
5.80478 7.41738 1.2471 0.614458
5.80678 7.42332 1.24711 0.608187
5.80875 7.42921 1.24713 0.601974
5.81071 7.43505 1.24714 0.595817
5.81265 7.44083 1.24715 0.589723
5.81456 7.44654 1.24717 0.583701
5.81646 7.45219 1.24718 0.577738
5.81834 7.45779 1.24719 0.571833
5.8202 7.46334 1.2472 0.565984
5.82203 7.46881 1.24722 0.560207
5.82385 7.47424 1.24723 0.554483
5.82566 7.47962 1.24724 0.548812
5.82744 7.48494 1.24725 0.543197
5.82921 7.4902 1.24726 0.537644
5.83095 7.49542 1.24727 0.532149
5.83268 7.50056 1.24728 0.526717
5.83439 7.50567 1.24729 0.521335
5.83608 7.51071 1.2473 0.516016
5.83776 7.51571 1.24731 0.510741
5.83942 7.52065 1.24731 0.505529
5.84106 7.52555 1.24732 0.500369
5.84268 7.5304 1.24733 0.495253
5.84429 7.53519 1.24734 0.490197
5.84588 7.53994 1.24735 0.485189
5.84746 7.54464 1.24736 0.480227
5.84902 7.5493 1.24736 0.475314
5.85056 7.55391 1.24737 0.470457
5.85209 7.55847 1.24738 0.465645
5.85361 7.56299 1.24738 0.460881
5.85511 7.56746 1.24739 0.456166
5.85659 7.57188 1.2474 0.451504
5.85805 7.57626 1.2474 0.446885
5.8595 7.58058 1.24741 0.442322
5.86094 7.58487 1.24741 0.437803
5.86236 7.58911 1.24742 0.433327
5.86377 7.59331 1.24743 0.428905
5.86516 7.59746 1.24743 0.424526
5.86654 7.60157 1.24744 0.420187
5.8679 7.60564 1.24744 0.415893
5.86925 7.60968 1.24745 0.411641
5.87059 7.61366 1.24745 0.407439
5.87191 7.61761 1.24746 0.403277
5.87322 7.62151 1.24746 0.399155
5.87452 7.62538 1.24747 0.395081
5.8758 7.6292 1.24747 0.391046
5.87707 7.63299 1.24747 0.387052
5.87832 7.63674 1.24748 0.383097
5.87957 7.64045 1.24748 0.379179
5.8808 7.64412 1.24749 0.375308
5.88202 7.64776 1.24749 0.371473
5.88322 7.65136 1.24749 0.36768
5.88442 7.65492 1.2475 0.363919
5.8856 7.65844 1.2475 0.360206
5.88677 7.66193 1.2475 0.356526
5.88792 7.66539 1.24751 0.352883
5.88907 7.6688 1.24751 0.349283
5.8902 7.67218 1.24751 0.345715
5.89132 7.67553 1.24752 0.342184
5.89243 7.67885 1.24752 0.33869
5.89353 7.68213 1.24752 0.335228
5.89462 7.68538 1.24753 0.331803
5.8957 7.68859 1.24753 0.328409
5.89676 7.69178 1.24753 0.325051
5.89782 7.69492 1.24753 0.321733
5.89886 7.69804 1.24754 0.318447
5.8999 7.70113 1.24754 0.315192
5.90092 7.70418 1.24754 0.311972
5.90193 7.7072 1.24754 0.308783
5.90293 7.7102 1.24754 0.305628
5.90393 7.71316 1.24755 0.302502
5.90491 7.71609 1.24755 0.299414
5.90588 7.71899 1.24755 0.29635
5.90684 7.72186 1.24755 0.293324
5.90779 7.7247 1.24756 0.290328
5.90874 7.72752 1.24756 0.287361
5.90967 7.7303 1.24756 0.284424
5.91059 7.73305 1.24756 0.281521
5.9115 7.73578 1.24756 0.278646
5.91241 7.73848 1.24756 0.275797
5.9133 7.74116 1.24757 0.272977
5.91419 7.7438 1.24757 0.270191
5.91507 7.74641 1.24757 0.267434
5.91593 7.749 1.24757 0.264702
5.91679 7.75157 1.24757 0.261999
5.91764 7.75411 1.24757 0.259318
5.91849 7.75662 1.24757 0.256664
5.91932 7.75911 1.24758 0.254043
5.92014 7.76157 1.24758 0.251448
5.92096 7.76401 1.24758 0.248876
5.92177 7.76642 1.24758 0.246329
5.92257 7.76881 1.24758 0.243813
5.92336 7.77117 1.24758 0.241321
5.92414 7.77351 1.24758 0.238852
5.92492 7.77583 1.24758 0.236413
5.92569 7.77812 1.24759 0.233998
5.92644 7.78038 1.24759 0.231608
5.9272 7.78263 1.24759 0.229238
5.92794 7.78485 1.24759 0.226899
5.92868 7.78705 1.24759 0.22458
5.92941 7.78922 1.24759 0.222287
5.93013 7.79138 1.24759 0.220013
5.93084 7.79351 1.24759 0.217762
5.93155 7.79562 1.24759 0.215538
5.93225 7.79771 1.24759 0.213335
5.93294 7.79978 1.24759 0.211153
5.93363 7.80182 1.2476 0.208998
5.9343 7.80385 1.2476 0.206863
5.93498 7.80585 1.2476 0.204749
5.93564 7.80783 1.2476 0.202659
5.9363 7.80979 1.2476 0.20059
5.93695 7.81174 1.2476 0.198542
5.93759 7.81366 1.2476 0.196514
5.93823 7.81557 1.2476 0.194504
5.93886 7.81745 1.2476 0.192514
5.93949 7.81932 1.2476 0.190548
5.9401 7.82116 1.2476 0.188602
5.94072 7.82299 1.2476 0.186674
5.94132 7.8248 1.2476 0.184765
5.94192 7.82659 1.2476 0.182878
5.94251 7.82836 1.2476 0.181009
5.9431 7.83012 1.24761 0.179158
5.94369 7.83185 1.24761 0.177325
5.94426 7.83357 1.24761 0.175514
5.94483 7.83527 1.24761 0.173722
5.94539 7.83695 1.24761 0.171947
5.94595 7.83862 1.24761 0.170189
5.9465 7.84027 1.24761 0.16845
5.94705 7.8419 1.24761 0.16673
5.94759 7.84352 1.24761 0.165026
5.94813 7.84512 1.24761 0.163339
5.94866 7.8467 1.24761 0.161671
5.94918 7.84826 1.24761 0.160019
5.9497 7.84982 1.24761 0.158383
5.95021 7.85135 1.24761 0.156766
5.95072 7.85287 1.24761 0.155163
5.95123 7.85437 1.24761 0.15358
5.95172 7.85586 1.24761 0.152012
5.95222 7.85733 1.24761 0.150459
5.95271 7.85879 1.24761 0.148922
5.95319 7.86023 1.24761 0.147399
5.95367 7.86166 1.24761 0.145892
5.95414 7.86307 1.24761 0.1444
5.95461 7.86448 1.24761 0.142923
5.95507 7.86586 1.24761 0.141462
5.95553 7.86723 1.24761 0.140017
5.95599 7.86859 1.24761 0.138584
5.95644 7.86993 1.24761 0.137169
5.95688 7.87126 1.24762 0.135768
5.95732 7.87258 1.24762 0.134381
5.95776 7.87388 1.24762 0.133007
5.95819 7.87517 1.24762 0.13165
5.95862 7.87644 1.24762 0.130305
5.95904 7.8777 1.24762 0.128973
5.95946 7.87895 1.24762 0.127655
5.95987 7.88019 1.24762 0.126349
5.96028 7.88141 1.24762 0.125059
5.96069 7.88263 1.24762 0.123782
5.96109 7.88383 1.24762 0.122517
5.96149 7.88501 1.24762 0.121263
5.96188 7.88619 1.24762 0.120022
5.96227 7.88735 1.24762 0.118797
5.96266 7.8885 1.24762 0.117585
5.96304 7.88964 1.24762 0.116383
5.96342 7.89077 1.24762 0.115194
5.96379 7.89189 1.24762 0.114015
5.96416 7.89299 1.24762 0.112849
5.96453 7.89409 1.24762 0.111697
5.96489 7.89517 1.24762 0.110557
5.96525 7.89624 1.24762 0.109427
5.9656 7.8973 1.24762 0.108309
5.96596 7.89835 1.24762 0.107202
5.9663 7.89939 1.24762 0.106105
5.96665 7.90042 1.24762 0.105021
5.96699 7.90143 1.24762 0.103948
5.96733 7.90244 1.24762 0.102885
5.96766 7.90344 1.24762 0.101835
5.96799 7.90442 1.24762 0.100795
5.96832 7.9054 1.24762 0.0997652
5.96864 7.90637 1.24762 0.0987454
5.96896 7.90732 1.24762 0.097737
5.96928 7.90827 1.24762 0.096738
5.96959 7.90921 1.24762 0.0957506
5.9699 7.91013 1.24762 0.0947722
5.97021 7.91105 1.24762 0.0938032
5.97052 7.91196 1.24762 0.0928435
5.97082 7.91286 1.24762 0.0918953
5.97111 7.91375 1.24762 0.0909568
5.97141 7.91463 1.24762 0.0900268
5.9717 7.91551 1.24762 0.0891058
5.97199 7.91637 1.24762 0.0881958
5.97228 7.91722 1.24762 0.0872951
5.97256 7.91807 1.24762 0.0864017
5.97284 7.91891 1.24762 0.0855201
5.97312 7.91974 1.24762 0.0846465
5.97339 7.92056 1.24762 0.0837816
5.97367 7.92137 1.24762 0.0829241
5.97393 7.92217 1.24762 0.0820775
5.9742 7.92297 1.24762 0.0812388
5.97446 7.92375 1.24762 0.0804077
5.97473 7.92453 1.24762 0.0795863
5.97498 7.9253 1.24762 0.0787732
5.97524 7.92607 1.24762 0.0779688
5.97549 7.92682 1.24762 0.0771725
5.97574 7.92757 1.24762 0.0763832
5.97599 7.92831 1.24762 0.0756015
5.97624 7.92904 1.24762 0.0748294
5.97648 7.92977 1.24762 0.074065
5.97672 7.93049 1.24762 0.0733075
5.97696 7.9312 1.24762 0.0725593
5.97719 7.9319 1.24762 0.0718185
5.97743 7.93259 1.24762 0.0710853
5.97766 7.93328 1.24762 0.0703591
5.97788 7.93397 1.24762 0.0696395
5.97811 7.93464 1.24762 0.0689288
5.97833 7.93531 1.24762 0.0682248
5.97855 7.93597 1.24762 0.0675277
5.97877 7.93662 1.24762 0.0668385
5.97899 7.93727 1.24762 0.0661557
5.97921 7.93791 1.24762 0.0654799
5.97942 7.93854 1.24762 0.0648106
5.97963 7.93917 1.24762 0.0641491
5.97984 7.93979 1.24762 0.0634934
5.98004 7.94041 1.24762 0.0628454
5.98025 7.94102 1.24762 0.0622032
5.98045 7.94162 1.24762 0.0615685
5.98065 7.94221 1.24762 0.0609403
5.98084 7.9428 1.24762 0.060318
5.98104 7.94339 1.24762 0.0597016
5.98123 7.94397 1.24762 0.0590923
5.98143 7.94454 1.24762 0.0584879
5.98162 7.94511 1.24762 0.0578904
5.9818 7.94567 1.24762 0.0572981
5.98199 7.94622 1.24762 0.056713
5.98217 7.94677 1.24762 0.0561336
5.98236 7.94732 1.24762 0.0555592
5.98254 7.94785 1.24762 0.0549921
5.98271 7.94839 1.24762 0.0544302
5.98289 7.94892 1.24762 0.0538735
5.98307 7.94944 1.24762 0.0533226
5.98324 7.94995 1.24762 0.0527779
5.98341 7.95047 1.24762 0.0522386
5.98358 7.95097 1.24762 0.0517041
5.98375 7.95147 1.24762 0.0511751
5.98391 7.95197 1.24762 0.0506524
5.98408 7.95246 1.24762 0.0501345
5.98424 7.95295 1.24762 0.0496226
5.9844 7.95343 1.24762 0.0491159
5.98456 7.9539 1.24762 0.0486137
5.98472 7.95437 1.24762 0.0481163
5.98488 7.95484 1.24762 0.0476248
5.98503 7.9553 1.24762 0.0471383
5.98518 7.95576 1.24762 0.0466573
5.98533 7.95621 1.24762 0.046181
5.98548 7.95666 1.24762 0.0457091
5.98563 7.9571 1.24762 0.0452418
5.98578 7.95754 1.24762 0.0447791
5.98592 7.95797 1.24762 0.0443218
5.98607 7.9584 1.24762 0.043869
5.98621 7.95883 1.24762 0.0434203
5.98635 7.95925 1.24762 0.0429771
5.98649 7.95966 1.24762 0.0425379
5.98663 7.96008 1.24762 0.0421033
5.98677 7.96048 1.24762 0.0416726
5.9869 7.96089 1.24762 0.0412473
5.98703 7.96129 1.24762 0.0408259
5.98717 7.96168 1.24762 0.0404089
5.9873 7.96208 1.24762 0.0399954
5.98743 7.96246 1.24762 0.0395872
5.98756 7.96285 1.24762 0.0391827
5.98768 7.96323 1.24762 0.0387822
5.98781 7.9636 1.24762 0.0383853
5.98793 7.96397 1.24762 0.0379934
5.98806 7.96434 1.24762 0.0376052
5.98818 7.96471 1.24762 0.0372208
5.9883 7.96507 1.24762 0.0368409
5.98842 7.96542 1.24762 0.0364649
5.98854 7.96578 1.24762 0.0360922
5.98866 7.96613 1.24762 0.0357233
5.98877 7.96647 1.24762 0.0353579
5.98889 7.96682 1.24762 0.034996
5.989 7.96715 1.24762 0.0346387
5.98911 7.96749 1.24762 0.0342851
5.98922 7.96782 1.24762 0.0339345
5.98933 7.96815 1.24762 0.0335873
5.98944 7.96848 1.24762 0.0332442
5.98955 7.9688 1.24762 0.0329046
5.98966 7.96912 1.24762 0.0325679
5.98976 7.96943 1.24762 0.0322353
5.98987 7.96975 1.24762 0.0319058
5.98997 7.97006 1.24762 0.0315797
5.99007 7.97036 1.24762 0.0312573
5.99017 7.97066 1.24762 0.030938
5.99028 7.97096 1.24762 0.0306217
5.99037 7.97126 1.24762 0.0303085
5.99047 7.97155 1.24762 0.029999
5.99057 7.97184 1.24762 0.0296924
5.99067 7.97213 1.24762 0.0293894
5.99076 7.97242 1.24762 0.0290892
5.99086 7.9727 1.24762 0.028792
5.99095 7.97298 1.24762 0.0284977
5.99104 7.97325 1.24762 0.0282061
5.99113 7.97353 1.24762 0.0279181
5.99122 7.9738 1.24762 0.0276331
5.99131 7.97407 1.24762 0.0273507
5.9914 7.97433 1.24762 0.0270709
5.99149 7.97459 1.24762 0.0267945
5.99158 7.97485 1.24762 0.0265209
5.99166 7.97511 1.24762 0.0262499
5.99175 7.97536 1.24762 0.0259815
5.99183 7.97562 1.24762 0.0257162
5.99192 7.97586 1.24762 0.0254537
5.992 7.97611 1.24762 0.0251936
5.99208 7.97635 1.24762 0.024936
5.99216 7.9766 1.24762 0.0246815
5.99224 7.97684 1.24762 0.0244295
5.99232 7.97707 1.24762 0.0241798
5.9924 7.97731 1.24762 0.0239325
5.99248 7.97754 1.24762 0.0236876
5.99255 7.97777 1.24762 0.0234454
5.99263 7.978 1.24762 0.0232055
5.99271 7.97822 1.24762 0.0229685
5.99278 7.97844 1.24762 0.0227338
5.99285 7.97866 1.24762 0.0225013
5.99293 7.97888 1.24762 0.0222711
5.993 7.9791 1.24762 0.0220437
5.99307 7.97931 1.24762 0.0218186
5.99314 7.97952 1.24762 0.0215953
5.99321 7.97973 1.24762 0.0213749
5.99328 7.97994 1.24762 0.0211565
5.99335 7.98014 1.24762 0.0209403
5.99342 7.98035 1.24762 0.0207265
5.99348 7.98055 1.24762 0.0205149
5.99355 7.98075 1.24762 0.0203052
5.99362 7.98094 1.24762 0.0200976
5.99368 7.98114 1.24762 0.0198922
5.9937 7.98118 1.27888 0.01985
5.9937 7.98118 1.31717 0.01985
5.9937 7.98118 1.35406 0.01985
5.9937 7.98118 1.38988 0.01985
5.9937 7.98118 1.42408 0.01985
5.9937 7.98118 1.45714 0.01985
5.9937 7.98118 1.48899 0.01985
5.9937 7.98118 1.51953 0.01985
5.9937 7.98118 1.54899 0.01985
5.9937 7.98118 1.57714 0.01985
5.9937 7.98118 1.60424 0.01985
5.9937 7.98118 1.6305 0.01985
5.9937 7.98118 1.6558 0.01985
5.9937 7.98118 1.68 0.01985
5.9937 7.98118 1.70332 0.01985
5.9937 7.98118 1.72592 0.01985
5.9937 7.98118 1.74747 0.01985
5.9937 7.98118 1.76832 0.01985
5.9937 7.98118 1.78837 0.01985
5.9937 7.98118 1.80757 0.01985
5.9937 7.98118 1.82611 0.01985
5.9937 7.98118 1.84385 0.01985
5.9937 7.98118 1.86101 0.01985
5.9937 7.98118 1.87754 0.01985
5.9937 7.98118 1.89349 0.01985
5.9937 7.98118 1.90874 0.01985
5.9937 7.98118 1.92344 0.01985
5.9937 7.98118 1.93758 0.01985
5.9937 7.98118 1.95119 0.01985
5.9937 7.98118 1.96434 0.01985
5.9937 7.98118 1.977 0.01985
5.9937 7.98118 1.98913 0.01985
5.9937 7.98118 2.00085 0.01985
5.9937 7.98118 2.01207 0.01985
5.9937 7.98118 2.02287 0.01985
5.9937 7.98118 2.03336 0.01985
5.9937 7.98118 2.04335 0.01985
5.9937 7.98118 2.05302 0.01985
5.9937 7.98118 2.06233 0.01985
5.9937 7.98118 2.07126 0.01985
5.9937 7.98118 2.07987 0.01985
5.9937 7.98118 2.08819 0.01985
5.9937 7.98118 2.09621 0.01985
5.9937 7.98118 2.1039 0.01985
5.9937 7.98118 2.11132 0.01985
5.9937 7.98118 2.1184 0.01985
5.9937 7.98118 2.12523 0.01985
5.9937 7.98118 2.13184 0.01985
5.9937 7.98118 2.13821 0.01985
5.9937 7.98118 2.14429 0.01985
5.9937 7.98118 2.15017 0.01985
5.9937 7.98118 2.15583 0.01985
5.9937 7.98118 2.16124 0.01985
5.9937 7.98118 2.16646 0.01985
5.9937 7.98118 2.17147 0.01985
5.9937 7.98118 2.17631 0.01985
5.9937 7.98118 2.18097 0.01985
5.9937 7.98118 2.18543 0.01985
5.9937 7.98118 2.18977 0.01985
5.9937 7.98118 2.19391 0.01985
5.9937 7.98118 2.19791 0.01985
5.9937 7.98118 2.20177 0.01985
5.9937 7.98118 2.20549 0.01985
5.9937 7.98118 2.20905 0.01985
5.9937 7.98118 2.21249 0.01985
5.9937 7.98118 2.21577 0.01985
5.9937 7.98118 2.21893 0.01985
5.9937 7.98118 2.22198 0.01985
5.9937 7.98118 2.22493 0.01985
5.9937 7.98118 2.22775 0.01985
5.9937 7.98118 2.23046 0.01985
5.9937 7.98118 2.23309 0.01985
5.9937 7.98118 2.2356 0.01985
5.9937 7.98118 2.23802 0.01985
5.9937 7.98118 2.24036 0.01985
5.9937 7.98118 2.24261 0.01985
5.9937 7.98118 2.24477 0.01985
5.9937 7.98118 2.24684 0.01985
5.9937 7.98118 2.24886 0.01985
5.9937 7.98118 2.25077 0.01985
5.9937 7.98118 2.25263 0.01985
5.9937 7.98118 2.25441 0.01985
5.9937 7.98118 2.25612 0.01985
5.9937 7.98118 2.25777 0.01985
5.9937 7.98118 2.25936 0.01985
5.9937 7.98118 2.2609 0.01985
5.9937 7.98118 2.26237 0.01985
5.9937 7.98118 2.26378 0.01985
5.9937 7.98118 2.26515 0.01985
5.9937 7.98118 2.26646 0.01985
5.9937 7.98118 2.26773 0.01985
5.9937 7.98118 2.26895 0.01985
5.9937 7.98118 2.27011 0.01985
5.9937 7.98118 2.27123 0.01985
5.9937 7.98118 2.27232 0.01985
5.9937 7.98118 2.27336 0.01985
5.9937 7.98118 2.27436 0.01985
5.9937 7.98118 2.27533 0.01985
5.9937 7.98118 2.27626 0.01985
5.9937 7.98118 2.27716 0.01985
5.9937 7.98118 2.27802 0.01985
5.9937 7.98118 2.27884 0.01985
5.9937 7.98118 2.27964 0.01985
5.9937 7.98118 2.28041 0.01985
5.9937 7.98118 2.28115 0.01985
5.9937 7.98118 2.28185 0.01985
5.9937 7.98118 2.28254 0.01985
5.9937 7.98118 2.2832 0.01985
5.9937 7.98118 2.28383 0.01985
5.9937 7.98118 2.28444 0.01985
5.9937 7.98118 2.28502 0.01985
5.9937 7.98118 2.28558 0.01985
5.9937 7.98118 2.28613 0.01985
5.9937 7.98118 2.28665 0.01985
5.9937 7.98118 2.28716 0.01985
5.9937 7.98118 2.28764 0.01985
5.9937 7.98118 2.2881 0.01985
5.9937 7.98118 2.28855 0.01985
5.9937 7.98118 2.28898 0.01985
5.9937 7.98118 2.28939 0.01985
5.9937 7.98118 2.2898 0.01985
5.9937 7.98118 2.29018 0.01985
5.9937 7.98118 2.29055 0.01985
5.9937 7.98118 2.29091 0.01985
5.9937 7.98118 2.29125 0.01985
5.9937 7.98118 2.29158 0.01985
5.9937 7.98118 2.2919 0.01985
5.9937 7.98118 2.2922 0.01985
5.9937 7.98118 2.2925 0.01985
5.9937 7.98118 2.29278 0.01985
5.9937 7.98118 2.29305 0.01985
5.9937 7.98118 2.29331 0.01985
5.9937 7.98118 2.29356 0.01985
5.9937 7.98118 2.29381 0.01985
5.9937 7.98118 2.29404 0.01985
5.9937 7.98118 2.29426 0.01985
5.9937 7.98118 2.29448 0.01985
5.9937 7.98118 2.29469 0.01985
5.9937 7.98118 2.29489 0.01985
5.9937 7.98118 2.29508 0.01985
5.9937 7.98118 2.29526 0.01985
5.9937 7.98118 2.29544 0.01985
5.9937 7.98118 2.29562 0.01985
5.9937 7.98118 2.29578 0.01985
5.9937 7.98118 2.29594 0.01985
5.9937 7.98118 2.29609 0.01985
5.9937 7.98118 2.29624 0.01985
5.9937 7.98118 2.29638 0.01985
5.9937 7.98118 2.29652 0.01985
5.9937 7.98118 2.29665 0.01985
5.9937 7.98118 2.29678 0.01985
5.9937 7.98118 2.2969 0.01985
5.9937 7.98118 2.29701 0.01985
5.9937 7.98118 2.29713 0.01985
5.9937 7.98118 2.29723 0.01985
5.9937 7.98118 2.29734 0.01985
5.9937 7.98118 2.29744 0.01985
5.9937 7.98118 2.29754 0.01985
5.9937 7.98118 2.29763 0.01985
5.9937 7.98118 2.29772 0.01985
5.9937 7.98118 2.2978 0.01985
5.9937 7.98118 2.29789 0.01985
5.9937 7.98118 2.29797 0.01985
5.9937 7.98118 2.29804 0.01985
5.9937 7.98118 2.29812 0.01985
5.9937 7.98118 2.29819 0.01985
5.9937 7.98118 2.29826 0.01985
5.9937 7.98118 2.29832 0.01985
5.9937 7.98118 2.29838 0.01985
5.9937 7.98118 2.29845 0.01985
5.9937 7.98118 2.2985 0.01985
5.9937 7.98118 2.29856 0.01985
5.9937 7.98118 2.29861 0.01985
5.9937 7.98118 2.29867 0.01985
5.9937 7.98118 2.29872 0.01985
5.9937 7.98118 2.29877 0.01985
5.9937 7.98118 2.29881 0.01985
5.9937 7.98118 2.29886 0.01985
5.9937 7.98118 2.2989 0.01985
5.9937 7.98118 2.29894 0.01985
5.9937 7.98118 2.29898 0.01985
5.9937 7.98118 2.29902 0.01985
5.9937 7.98118 2.29906 0.01985
5.9937 7.98118 2.29909 0.01985
5.9937 7.98118 2.29913 0.01985
5.9937 7.98118 2.29916 0.01985
5.9937 7.98118 2.29919 0.01985
5.9937 7.98118 2.29922 0.01985
5.9937 7.98118 2.29925 0.01985
5.9937 7.98118 2.29928 0.01985
5.9937 7.98118 2.29931 0.01985
5.9937 7.98118 2.29933 0.01985
5.9937 7.98118 2.29936 0.01985
5.9937 7.98118 2.29938 0.01985
5.9937 7.98118 2.2994 0.01985
5.9937 7.98118 2.29943 0.01985
5.9937 7.98118 2.29945 0.01985
5.9937 7.98118 2.29947 0.01985
5.9937 7.98118 2.29949 0.01985
5.9937 7.98118 2.29951 0.01985
5.9937 7.98118 2.29953 0.01985
5.9937 7.98118 2.29955 0.01985
5.9937 7.98118 2.29956 0.01985
5.9937 7.98118 2.29958 0.01985
5.9937 7.98118 2.29959 0.01985
5.9937 7.98118 2.29961 0.01985
5.9937 7.98118 2.29962 0.01985
5.9937 7.98118 2.29964 0.01985
5.9937 7.98118 2.29965 0.01985
5.9937 7.98118 2.29967 0.01985
5.9937 7.98118 2.29968 0.01985
5.9937 7.98118 2.29969 0.01985
5.9937 7.98118 2.2997 0.01985
5.9937 7.98118 2.29971 0.01985
5.9937 7.98118 2.29972 0.01985
5.9937 7.98118 2.29973 0.01985
5.9937 7.98118 2.29974 0.01985
5.9937 7.98118 2.29975 0.01985
5.9937 7.98118 2.29976 0.01985
5.9937 7.98118 2.29977 0.01985
5.9937 7.98118 2.29978 0.01985
5.9937 7.98118 2.29979 0.01985
5.9937 7.98118 2.2998 0.01985
5.9937 7.98118 2.2998 0.01985
5.9937 7.98118 2.29981 0.01985
5.9937 7.98118 2.29982 0.01985
5.9937 7.98118 2.29983 0.01985
5.9937 7.98118 2.29983 0.01985
5.9937 7.98118 2.29984 0.01985
5.9937 7.98118 2.29984 0.01985
5.9937 7.98118 2.29985 0.01985
5.9937 7.98118 2.29986 0.01985
5.9937 7.98118 2.29986 0.01985
5.9937 7.98118 2.29987 0.01985
5.9937 7.98118 2.29987 0.01985
5.9937 7.98118 2.29988 0.01985
5.9937 7.98118 2.29988 0.01985
5.9937 7.98118 2.29989 0.01985
5.9937 7.98118 2.29989 0.01985
5.9937 7.98118 2.29989 0.01985
5.9937 7.98118 2.2999 0.01985
5.9937 7.98118 2.2999 0.01985
5.9937 7.98118 2.29991 0.01985
5.9937 7.98118 2.29991 0.01985
5.9937 7.98118 2.29991 0.01985
5.9937 7.98118 2.29992 0.01985
5.9937 7.98118 2.29992 0.01985
5.9937 7.98118 2.29992 0.01985
5.9937 7.98118 2.29993 0.01985
5.9937 7.98118 2.29993 0.01985
5.9937 7.98118 2.29993 0.01985
5.9937 7.98118 2.29993 0.01985
5.9937 7.98118 2.29994 0.01985
5.9937 7.98118 2.29994 0.01985
5.9937 7.98118 2.29994 0.01985
5.9937 7.98118 2.29994 0.01985
5.9937 7.98118 2.29994 0.01985
5.9937 7.98118 2.29995 0.01985
5.9937 7.98118 2.29995 0.01985
5.9937 7.98118 2.29995 0.01985
5.9937 7.98118 2.29995 0.01985
5.9937 7.98118 2.29995 0.01985
5.9937 7.98118 2.29996 0.01985
5.9937 7.98118 2.29996 0.01985
5.9937 7.98118 2.29996 0.01985
5.9937 7.98118 2.29996 0.01985
5.9937 7.98118 2.29996 0.01985
5.9937 7.98118 2.29996 0.01985
5.9937 7.98118 2.29997 0.01985
5.9937 7.98118 2.29997 0.01985
5.9937 7.98118 2.29997 0.01985
5.9937 7.98118 2.29997 0.01985
5.9937 7.98118 2.29997 0.01985
5.9937 7.98118 2.29997 0.01985
5.9937 7.98118 2.29997 0.01985
5.9937 7.98118 2.29997 0.01985
5.9937 7.98118 2.29997 0.01985
5.9937 7.98118 2.29998 0.01985
5.9937 7.98118 2.29998 0.01985
5.9937 7.98118 2.29998 0.01985
5.9937 7.98118 2.29998 0.01985
5.9937 7.98118 2.29998 0.01985
5.9937 7.98118 2.29998 0.01985
5.9937 7.98118 2.29998 0.01985
5.9937 7.98118 2.29998 0.01985
5.9937 7.98118 2.29998 0.01985
5.9937 7.98118 2.29998 0.01985
5.9937 7.98118 2.29998 0.01985
5.9937 7.98118 2.29998 0.01985
5.9937 7.98118 2.29998 0.01985
5.9937 7.98118 2.29999 0.01985
5.9937 7.98118 2.29999 0.01985
5.9937 7.98118 2.29999 0.01985
5.9937 7.98118 2.29999 0.01985
5.9937 7.98118 2.29999 0.01985
5.9937 7.98118 2.29999 0.01985
5.9937 7.98118 2.29999 0.01985
5.9937 7.98118 2.29999 0.01985
5.9937 7.98118 2.29999 0.01985
5.9937 7.98118 2.29999 0.01985
5.9937 7.98118 2.29999 0.01985
5.9937 7.98118 2.29999 0.01985
5.9937 7.98118 2.29999 0.01985
5.9937 7.98118 2.29999 0.01985
5.9937 7.98118 2.29999 0.01985
5.9937 7.98118 2.29999 0.01985
5.9937 7.98118 2.29999 0.01985
5.9937 7.98118 2.29999 0.01985
5.9937 7.98118 2.29999 0.01985
5.9937 7.98118 2.29999 0.01985
5.9937 7.98118 2.29999 0.01985
5.9937 7.98118 2.29999 0.01985
5.9937 7.98118 2.29999 0.01985
5.9937 7.98118 2.29999 0.01985
5.9937 7.98118 2.29999 0.01985
5.9937 7.98118 2.29999 0.01985
5.9937 7.98118 2.29999 0.01985
5.9937 7.98118 2.29999 0.01985
5.9937 7.98118 2.29999 0.01985
5.9937 7.98118 2.3 0.01985
5.9937 7.98118 2.3 0.01985
5.9937 7.98118 2.3 0.01985
5.9937 7.98118 2.3 0.01985
5.9937 7.98118 2.3 0.01985
5.9937 7.98118 2.3 0.01985
5.9937 7.98118 2.3 0.01985
5.9937 7.98118 2.3 0.01985
5.9937 7.98118 2.3 0.01985
5.9937 7.98118 2.3 0.01985
5.9937 7.98118 2.3 0.01985
5.9937 7.98118 2.3 0.01985
5.9937 7.98118 2.3 0.01985
5.9937 7.98118 2.3 0.01985
5.9937 7.98118 2.3 0.01985
5.9937 7.98118 2.3 0.01985
5.9937 7.98118 2.3 0.01985
5.9937 7.98118 2.3 0.01985
5.9937 7.98118 2.3 0.01985
5.9937 7.98118 2.3 0.01985
5.9937 7.98118 2.3 0.01985
5.9937 7.98118 2.3 0.01985
5.9937 7.98118 2.3 0.01985
5.9937 7.98118 2.3 0.01985
5.9937 7.98118 2.3 0.01985
5.9937 7.98118 2.3 0.01985
5.9937 7.98118 2.3 0.01985
5.9937 7.98118 2.3 0.01985
5.9937 7.98118 2.3 0.01985
5.9937 7.98118 2.3 0.01985
5.9937 7.98118 2.3 0.01985
5.9937 7.98118 2.3 0.01985
5.9937 7.98118 2.3 0.01985
5.9937 7.98118 2.3 0.01985
5.9937 7.98118 2.3 0.01985
5.9937 7.98118 2.3 0.01985
5.9937 7.98118 2.3 0.01985
5.9937 7.98118 2.3 0.01985
5.9937 7.98118 2.3 0.01985
5.9937 7.98118 2.3 0.01985
5.9937 7.98118 2.3 0.01985
5.9937 7.98118 2.3 0.01985
5.9937 7.98118 2.3 0.01985
5.9937 7.98118 2.3 0.01985
5.9937 7.98118 2.3 0.01985
5.9937 7.98118 2.3 0.01985
5.9937 7.98118 2.3 0.01985
5.9937 7.98118 2.3 0.01985
5.9937 7.98118 2.3 0.01985
5.9937 7.98118 2.3 0.01985
5.9937 7.98118 2.3 0.01985
5.9937 7.98118 2.3 0.01985
5.9937 7.98118 2.3 0.01985
5.9937 7.98118 2.3 0.01985
5.9937 7.98118 2.3 0.01985
5.9937 7.98118 2.3 0.01985
5.9937 7.98118 2.3 0.01985
5.9937 7.98118 2.3 0.01985
5.9937 7.98118 2.3 0.01985
5.9937 7.98118 2.3 0.01985
5.9937 7.98118 2.3 0.01985
5.9937 7.98118 2.3 0.01985
5.9937 7.98118 2.3 0.01985
5.9937 7.98118 2.3 0.01985
5.9937 7.98118 2.3 0.01985
5.9937 7.98118 2.3 0.01985
5.9937 7.98118 2.3 0.01985
5.9937 7.98118 2.3 0.01985
5.9937 7.98118 2.3 0.01985
5.9937 7.98118 2.3 0.01985
5.9937 7.98118 2.3 0.01985
5.9937 7.98118 2.3 0.01985
5.9937 7.98118 2.3 0.01985
5.9937 7.98118 2.3 0.01985
5.9937 7.98118 2.3 0.01985
5.9937 7.98118 2.3 0.01985
5.9937 7.98118 2.3 0.01985
5.9937 7.98118 2.3 0.01985
5.9937 7.98118 2.3 0.01985
5.9937 7.98118 2.3 0.01985
5.9937 7.98118 2.3 0.01985
5.9937 7.98118 2.3 0.01985
5.9937 7.98118 2.3 0.01985
5.9937 7.98118 2.3 0.01985
5.9937 7.98118 2.3 0.01985
5.9937 7.98118 2.3 0.01985
5.9937 7.98118 2.3 0.01985
5.9937 7.98118 2.3 0.01985
5.9937 7.98118 2.3 0.01985
5.9937 7.98118 2.3 0.01985
5.9937 7.98118 2.3 0.01985
5.9937 7.98118 2.3 0.01985
5.9937 7.98118 2.3 0.01985
5.9937 7.98118 2.3 0.01985
5.9937 7.98118 2.3 0.01985
5.9937 7.98118 2.3 0.01985
5.9937 7.98118 2.3 0.01985
5.9937 7.98118 2.3 0.01985
5.9937 7.98118 2.3 0.01985
5.9937 7.98118 2.3 0.01985
5.9937 7.98118 2.3 0.01985
5.9937 7.98118 2.3 0.01985
5.9937 7.98118 2.3 0.01985
5.9937 7.98118 2.3 0.01985
5.9937 7.98118 2.3 0.01985
5.9937 7.98118 2.3 0.01985
5.9937 7.98118 2.3 0.01985
5.9937 7.98118 2.3 0.01985
5.9937 7.98118 2.3 0.01985
5.9937 7.98118 2.3 0.01985
5.9937 7.98118 2.3 0.01985
5.9937 7.98118 2.3 0.01985
5.9937 7.98118 2.3 0.01985
5.9937 7.98118 2.3 0.01985
5.9937 7.98118 2.3 0.01985
5.9937 7.98118 2.3 0.01985
5.9937 7.98118 2.3 0.01985
5.9937 7.98118 2.3 0.01985
5.9937 7.98118 2.3 0.01985
5.9937 7.98118 2.3 0.01985
5.9937 7.98118 2.3 0.01985
5.9937 7.98118 2.3 0.01985
5.9937 7.98118 2.3 0.01985
5.9937 7.98118 2.3 0.01985
5.9937 7.98118 2.3 0.01985
5.9937 7.98118 2.3 0.01985
5.9937 7.98118 2.3 0.01985
5.9937 7.98118 2.3 0.01985
5.9937 7.98118 2.3 0.01985
5.9937 7.98118 2.3 0.01985
5.9937 7.98118 2.3 0.01985
5.9937 7.98118 2.3 0.01985
5.9937 7.98118 2.3 0.01985
5.9937 7.98118 2.3 0.01985
5.9937 7.98118 2.3 0.01985
5.9937 7.98118 2.3 0.01985
5.9937 7.98118 2.3 0.01985
5.9937 7.98118 2.3 0.01985
5.9937 7.98118 2.3 0.01985
5.9937 7.98118 2.3 0.01985
5.9937 7.98118 2.3 0.01985
5.9937 7.98118 2.3 0.01985
5.9937 7.98118 2.3 0.01985
5.9937 7.98118 2.3 0.01985
5.9937 7.98118 2.3 0.01985
5.9937 7.98118 2.3 0.01985
5.9937 7.98118 2.3 0.01985
5.9937 7.98118 2.3 0.01985
5.9937 7.98118 2.3 0.01985
5.9937 7.98118 2.3 0.01985
5.9937 7.98118 2.3 0.01985
5.9937 7.98118 2.3 0.01985
5.9937 7.98118 2.3 0.01985
5.9937 7.98118 2.3 0.01985
5.9937 7.98118 2.3 0.01985
5.9937 7.98118 2.3 0.01985
5.9937 7.98118 2.3 0.01985
5.9937 7.98118 2.3 0.01985
5.9937 7.98118 2.3 0.01985
5.9937 7.98118 2.3 0.01985
5.9937 7.98118 2.3 0.01985
5.9937 7.98118 2.3 0.01985
5.9937 7.98118 2.3 0.01985
5.9937 7.98118 2.3 0.01985
5.9937 7.98118 2.3 0.01985
5.9937 7.98118 2.3 0.01985
5.9937 7.98118 2.3 0.01985
5.9937 7.98118 2.3 0.01985
5.9937 7.98118 2.3 0.01985
5.9937 7.98118 2.3 0.01985
5.9937 7.98118 2.3 0.01985
5.9937 7.98118 2.3 0.01985
5.9937 7.98118 2.3 0.01985
5.9937 7.98118 2.3 0.01985
5.9937 7.98118 2.3 0.01985
5.9937 7.98118 2.3 0.01985
5.9937 7.98118 2.3 0.01985
5.9937 7.98118 2.3 0.01985
5.9937 7.98118 2.3 0.01985
5.9937 7.98118 2.3 0.01985
5.9937 7.98118 2.3 0.01985
5.9937 7.98118 2.3 0.01985
5.9937 7.98118 2.3 0.01985
5.9937 7.98118 2.3 0.01985
5.9937 7.98118 2.3 0.01985
5.9937 7.98118 2.3 0.01985
5.9937 7.98118 2.3 0.01985
5.9937 7.98118 2.3 0.01985
5.9937 7.98118 2.3 0.01985
5.9937 7.98118 2.3 0.01985
5.9937 7.98118 2.3 0.01985
5.9937 7.98118 2.3 0.01985
5.9937 7.98118 2.3 0.01985
5.9937 7.98118 2.3 0.01985
5.9937 7.98118 2.3 0.01985
5.9937 7.98118 2.3 0.01985
5.9937 7.98118 2.3 0.01985
5.9937 7.98118 2.3 0.01985
5.9937 7.98118 2.3 0.01985
5.9937 7.98118 2.3 0.01985
5.9937 7.98118 2.3 0.01985
5.9937 7.98118 2.3 0.01985
5.9937 7.98118 2.3 0.01985
5.9937 7.98118 2.3 0.01985
5.9937 7.98118 2.3 0.01985
5.9937 7.98118 2.3 0.01985
5.9937 7.98118 2.3 0.01985
5.9937 7.98118 2.3 0.01985
5.9937 7.98118 2.3 0.01985
5.9937 7.98118 2.3 0.01985
5.9937 7.98118 2.3 0.01985
5.9937 7.98118 2.3 0.01985
5.9937 7.98118 2.3 0.01985
5.9937 7.98118 2.3 0.01985
5.9937 7.98118 2.3 0.01985
5.9937 7.98118 2.3 0.01985
5.9937 7.98118 2.3 0.01985
5.9937 7.98118 2.3 0.01985
5.9937 7.98118 2.3 0.01985
5.9937 7.98118 2.3 0.01985
5.9937 7.98118 2.3 0.01985
5.9937 7.98118 2.3 0.01985
5.9937 7.98118 2.3 0.01985
5.9937 7.98118 2.3 0.01985
5.9937 7.98118 2.3 0.01985
5.9937 7.98118 2.3 0.01985
5.9937 7.98118 2.3 0.01985
5.9937 7.98118 2.3 0.01985
5.9937 7.98118 2.3 0.01985
5.9937 7.98118 2.3 0.01985
5.9937 7.98118 2.3 0.01985
5.9937 7.98118 2.3 0.01985
5.9937 7.98118 2.3 0.01985
5.9937 7.98118 2.3 0.01985
5.9937 7.98118 2.3 0.01985
5.9937 7.98118 2.3 0.01985
5.9937 7.98118 2.3 0.01985
5.9937 7.98118 2.3 0.01985
5.9937 7.98118 2.3 0.01985
5.9937 7.98118 2.3 0.01985
